0 14
0 258
0 435
0 544
4 170
5 490
5 2164
6 251
6 490
7 258
8 14
8 751
9 481
10 192
11 659
12 84
12 155
13 578
13 1234
14 31
14 258
14 384
14 400
14 435
14 736
14 746
15 80
15 254
15 322
16 552
18 127
18 890
19 74
19 571
20 267
20 640
20 732
21 294
21 438
21 567
22 1790
22 2257
23 41
23 759
24 39
25 456
26 747
27 84
27 532
28 611
28 1606
28 1718
29 319
30 679
30 1148
31 250
31 1116
33 250
34 66
34 559
34 565
34 566
36 257
36 1066
36 1701
36 2072
37 563
38 372
38 563
38 1689
41 352
41 889
41 1716
41 1733
41 2456
42 163
42 188
42 189
42 793
43 576
44 88
44 686
44 2428
45 220
46 238
46 867
48 1783
48 2456
48 2682
49 581
49 643
50 581
52 228
52 430
52 478
52 2487
53 243
53 1563
54 523
55 361
55 1784
56 778
56 1027
57 565
57 1459
58 1891
59 570
59 839
59 874
59 1709
60 562
62 324
62 945
62 2425
62 2474
63 210
64 284
64 289
65 743
65 744
66 149
66 183
66 215
66 288
66 1248
66 1531
66 2359
67 729
68 979
68 2007
70 255
70 931
70 1521
70 1986
71 74
71 661
71 1923
71 2442
72 747
72 771
73 747
74 193
74 310
74 345
74 661
74 680
74 787
74 906
74 949
74 975
74 987
74 1017
74 1103
74 1928
74 2013
74 2266
74 2284
74 2654
75 1354
75 1854
76 131
76 345
76 694
76 869
76 975
76 1128
76 2327
78 157
78 214
78 560
78 2681
80 2044
82 239
82 295
82 305
82 1440
83 294
84 715
84 998
84 1241
84 1347
84 1550
84 1803
85 294
85 425
85 2368
86 249
86 735
87 383
87 2021
88 208
88 251
88 587
88 682
88 762
89 430
89 635
90 680
91 745
91 747
92 479
93 725
93 759
95 161
95 1255
96 438
97 439
98 1954
98 2696
99 1619
99 1803
99 1852
99 2578
99 2592
99 2679
100 265
100 1611
102 404
102 1824
102 2333
103 128
103 465
103 565
104 771
105 248
106 597
107 250
107 1937
108 304
109 171
109 488
109 640
109 672
109 778
109 884
109 967
109 1296
109 1661
109 2054
109 2315
110 747
112 572
112 624
112 747
113 747
114 171
116 686
117 155
117 345
117 452
119 228
119 430
120 1959
121 731
121 1825
121 1990
124 747
124 2400
126 2208
129 163
129 538
129 1728
129 2165
129 2220
129 2363
129 2446
133 394
134 505
135 418
136 479
136 1259
136 1370
136 1479
136 1539
136 1776
136 2172
136 2231
136 2543
136 2580
137 416
138 748
140 323
141 1184
142 227
142 230
142 391
142 823
142 1283
142 1547
143 337
145 163
145 1530
145 2251
145 2280
145 2286
145 2521
146 427
146 747
148 460
148 656
148 1687
153 747
154 392
155 513
156 236
156 521
157 214
157 371
157 560
157 916
157 979
157 1017
157 1038
157 1075
157 1452
157 2019
157 2095
157 2230
157 2540
158 184
158 433
158 707
159 985
160 1857
160 2681
161 713
161 759
161 996
161 1147
161 2311
163 174
163 188
163 189
163 219
163 237
163 402
163 415
163 422
163 523
163 530
163 546
163 563
163 606
163 659
163 727
163 769
163 781
163 800
163 813
163 856
163 935
163 940
163 942
163 961
163 1060
163 1070
163 1098
163 1099
163 1110
163 1113
163 1130
163 1136
163 1159
163 1205
163 1219
163 1224
163 1253
163 1274
163 1277
163 1305
163 1333
163 1362
163 1380
163 1410
163 1457
163 1536
163 1575
163 1675
163 1685
163 1696
163 1729
163 1734
163 1775
163 1784
163 1792
163 1890
163 2077
163 2116
163 2173
163 2175
163 2200
163 2248
163 2274
163 2280
163 2286
163 2296
163 2298
163 2316
163 2363
163 2518
163 2564
163 2604
163 2659
163 2667
166 457
166 649
166 1125
167 559
168 1756
168 2604
169 570
170 250
173 294
173 552
173 575
173 1378
173 2485
174 2409
176 379
177 1489
177 2192
178 286
178 378
180 350
181 518
182 468
183 454
183 541
184 433
185 324
186 566
188 262
188 380
188 415
188 523
188 755
189 395
189 2664
190 2223
191 395
191 448
192 193
192 519
192 705
193 280
193 420
194 673
195 707
196 216
197 749
199 591
199 640
200 536
200 1464
200 1891
201 1718
202 204
202 427
203 359
204 274
204 597
204 747
204 1645
204 2410
205 600
206 536
206 1028
206 1042
206 1488
206 1891
207 688
207 1676
208 1270
211 645
213 492
214 587
215 696
215 2061
217 747
217 2355
218 378
218 478
219 402
219 757
219 1738
219 2563
220 295
223 430
223 686
225 2428
226 617
227 296
227 478
227 638
227 823
227 1547
227 2319
228 259
228 1692
228 2465
228 2617
229 477
230 391
230 427
230 1283
231 486
232 268
234 747
235 747
236 430
236 1270
238 301
238 489
238 1815
240 2308
240 2652
242 1006
244 750
245 1636
247 500
247 563
247 1261
247 1973
247 2257
248 419
248 1326
248 2088
249 2649
250 736
251 1877
251 2560
252 294
252 562
252 688
254 1176
255 421
256 634
256 2369
257 480
258 751
259 320
260 619
260 1527
260 2524
262 266
262 1980
263 2421
264 635
267 459
268 613
268 2046
270 339
270 467
275 464
276 342
276 467
276 1993
276 2115
276 2546
277 483
277 523
277 552
281 460
281 858
282 592
283 523
283 747
284 583
285 1148
286 378
287 549
287 591
288 2037
288 2380
289 1534
289 1535
290 1839
290 1911
291 487
293 387
293 576
294 466
294 477
294 554
294 566
294 588
294 636
294 665
294 807
294 1438
295 1012
295 1782
295 2078
296 1236
297 441
297 809
297 1321
298 410
299 596
299 746
299 2110
300 593
300 1621
301 489
302 428
303 478
303 2091
304 427
304 1461
305 410
306 554
307 735
308 1456
312 427
312 645
313 1642
314 1244
314 1596
314 1726
318 445
318 991
318 1173
318 2333
319 1273
321 566
321 1192
321 2305
323 2467
324 326
324 327
324 389
326 327
327 1532
327 1899
328 747
333 565
333 566
335 585
336 747
339 1602
340 529
340 709
341 529
342 467
342 495
342 729
342 776
342 1800
342 1945
342 1993
342 2546
343 1303
343 1577
344 521
344 675
344 1244
344 1267
344 1312
344 1442
344 1622
344 1627
344 1671
344 2032
344 2171
344 2291
344 2426
344 2609
345 1924
345 2389
345 2421
347 452
347 998
349 747
350 427
350 664
350 770
351 730
352 1372
354 576
355 576
355 2068
356 510
357 2089
358 1255
359 808
359 1068
359 1787
359 1871
359 2322
359 2376
359 2422
359 2499
360 698
362 747
362 2191
364 365
364 366
365 590
365 2572
366 590
367 483
368 611
368 747
375 638
375 836
376 641
376 704
377 622
378 585
378 1275
378 1290
378 2042
378 2290
378 2447
378 2583
379 756
380 1737
380 2196
381 430
381 635
381 686
381 2342
382 2132
383 631
383 638
385 565
386 745
388 2590
391 427
391 1283
397 747
397 2346
399 427
400 555
401 442
402 403
402 681
403 2104
403 2302
403 2309
405 1592
406 2307
407 1298
407 1875
409 1606
411 536
411 1600
411 1891
411 2232
411 2582
412 688
414 1174
415 789
415 995
415 1737
415 1832
415 1836
415 2664
418 740
418 1198
418 1269
419 1326
419 1747
420 439
420 2214
420 2590
423 557
423 558
424 571
426 836
426 2431
427 477
427 493
427 584
427 658
427 823
427 946
427 1037
427 1103
427 1274
427 1284
427 1399
427 1405
427 1488
427 1547
427 1577
427 1766
427 1811
427 1975
427 2024
427 2044
427 2255
427 2295
427 2412
427 2448
427 2453
427 2574
427 2658
427 2683
428 432
428 598
429 1290
430 524
430 634
430 686
430 1165
430 1270
430 1284
430 1569
430 1698
430 1792
430 2033
430 2137
430 2487
432 598
434 2473
438 550
438 692
442 635
442 1908
444 753
445 690
446 552
446 554
447 630
447 1501
449 479
449 1539
451 552
453 591
453 706
453 1025
453 1269
453 1358
453 1449
453 1566
453 2092
453 2098
453 2156
453 2618
454 539
456 569
456 1748
456 2455
456 2653
457 649
458 747
459 640
462 2582
463 477
463 564
464 573
465 523
465 565
467 495
468 491
468 2377
472 650
472 1006
476 1056
477 745
477 1645
477 2658
478 479
478 497
478 523
478 565
478 568
479 1354
480 2270
480 2570
483 552
483 566
483 650
484 641
484 642
485 1838
486 2276
488 549
488 591
488 2053
489 747
489 2670
491 2318
491 2377
492 565
492 734
492 1186
492 1741
492 2323
496 663
497 2342
499 1288
500 563
500 2444
501 503
501 663
502 565
502 567
502 747
503 1851
503 1952
503 2396
507 798
507 2391
507 2548
508 523
509 669
510 519
510 2223
514 569
517 2509
518 662
518 766
518 2532
519 705
519 2448
519 2549
520 524
521 638
521 1082
523 882
523 1214
523 1687
523 1790
523 2480
523 2551
523 2600
523 2642
525 1427
527 1656
527 1968
527 2662
535 761
535 1560
537 606
538 1036
538 1204
538 1738
539 1210
542 779
544 751
548 552
548 565
548 1859
548 1860
549 591
549 672
550 569
550 2423
551 2215
551 2473
552 554
552 575
552 601
552 621
552 636
552 653
552 688
552 691
552 723
553 2459
554 875
555 556
555 615
556 615
556 2354
558 905
558 1532
558 1641
558 1816
558 1934
558 2660
559 1816
559 2341
560 1375
561 745
561 747
562 671
562 1117
562 1889
562 2018
564 565
564 738
565 601
565 633
565 773
565 1213
565 1316
565 1440
565 1529
565 1782
565 1790
565 1975
565 2118
565 2442
565 2480
565 2629
565 2642
566 588
566 671
566 688
566 699
566 1459
566 1643
566 1816
566 2658
567 970
569 710
569 767
569 1000
569 1025
569 1269
569 1430
569 1712
569 1986
570 872
570 874
570 1245
570 1246
570 1381
570 1524
570 1814
572 747
572 881
574 672
574 1962
574 2360
575 738
575 1378
576 726
576 874
576 1014
576 1381
576 1524
576 2026
576 2552
577 2034
577 2492
578 1122
578 1877
579 696
579 747
580 1212
580 1497
582 1792
583 1214
583 2398
583 2568
585 911
585 2290
585 2291
588 699
591 672
591 1032
591 1186
591 2182
591 2475
591 2690
592 1509
593 594
594 1122
594 1621
600 745
600 747
601 611
602 2334
605 676
607 1306
608 611
610 747
611 633
611 716
611 718
611 719
611 864
611 899
611 938
611 1103
611 1116
611 1265
611 1352
611 1488
611 1499
611 1564
611 1668
611 1732
611 1935
611 2050
611 2340
611 2352
611 2385
611 2505
611 2540
611 2676
612 1046
612 2568
613 2496
616 2046
620 747
621 738
621 1859
623 2140
624 659
624 700
625 659
626 687
627 1057
627 1679
629 1535
629 1537
631 1057
631 1562
632 683
632 2508
633 1459
634 686
634 1570
634 2593
635 651
635 660
635 683
635 686
636 764
636 1573
636 2173
636 2204
636 2672
636 2687
638 722
638 1027
638 1189
638 1460
638 1468
638 2045
638 2426
640 732
640 1897
640 2054
641 1739
649 1643
649 2123
649 2560
650 656
650 1006
653 2480
654 1260
655 747
656 657
658 1577
661 1191
663 2393
665 747
666 745
667 867
667 1928
667 1974
667 2270
667 2570
668 975
668 1508
668 2683
671 1459
672 1293
672 1386
672 1460
672 2004
672 2040
672 2360
675 2215
676 1014
676 1056
680 747
681 712
681 2309
682 1791
682 2430
683 686
684 779
684 1550
686 760
686 1273
687 1564
687 2381
687 2683
688 835
688 1248
689 967
689 1826
691 2658
692 1191
693 1501
695 1967
696 1672
699 747
700 879
703 747
708 1116
712 1036
714 1218
717 1122
717 2502
717 2568
719 1666
726 1068
726 1418
727 1016
727 1136
729 1945
731 1656
735 2527
735 2649
738 1183
738 1213
738 1727
738 1741
738 2628
740 929
740 1559
740 1667
740 1683
742 772
742 1240
743 744
743 2077
743 2316
744 2030
744 2316
745 1564
745 1700
745 1704
745 1756
745 1932
745 2325
745 2437
747 763
747 771
747 779
748 1933
748 1941
749 1459
749 2485
755 757
757 1965
757 2058
760 2428
763 1879
763 2355
764 769
764 1311
764 2174
766 2532
768 772
772 1147
772 1241
772 1502
772 2167
773 1687
774 2707
775 875
776 2088
781 846
784 917
785 862
785 1155
785 1328
785 1513
785 1812
786 1003
787 1287
788 1268
788 1414
788 2425
789 1206
789 1409
790 1234
791 1003
791 1004
793 943
793 959
793 1069
793 1070
793 1334
793 1380
793 1694
793 1715
795 865
796 1629
798 1105
798 1433
799 1122
799 1706
799 2656
801 1475
803 1563
804 1664
804 1697
807 1438
808 1320
809 814
809 919
809 1044
809 1129
809 1615
809 1639
810 1287
810 1718
811 910
811 1140
812 814
812 1080
812 1365
813 1523
814 1044
814 1129
814 1321
815 880
815 1523
816 881
817 1212
818 1125
818 1212
819 1215
820 1115
820 1252
821 1389
821 1421
822 1644
824 1215
824 1707
825 1215
826 1273
827 1527
829 962
830 1252
831 885
832 1701
833 1218
833 1516
834 1067
834 1814
836 1595
837 1007
837 1489
837 1686
839 874
839 1067
839 1072
839 1709
840 1196
841 1240
843 1101
846 2173
846 2204
847 1032
847 1402
848 1223
848 1400
848 1468
848 1739
849 1720
850 917
851 1491
853 1019
853 1053
853 1732
854 1178
854 1231
854 2211
856 1016
857 1125
857 1483
858 991
858 1084
858 2035
861 1236
861 1431
862 1513
862 2423
865 932
865 1505
865 2560
866 890
867 1493
868 1649
869 1374
871 1591
872 1520
873 920
874 1520
875 933
876 1006
876 1269
877 1010
878 1023
878 1472
879 979
881 1203
881 2423
882 1316
882 1529
883 1210
883 1665
884 1658
885 1335
887 1531
888 1731
889 892
889 904
889 2153
891 1437
892 904
894 1255
895 1436
897 1240
898 1687
899 1564
899 1565
900 1207
900 1533
902 964
905 976
905 1287
907 1252
909 913
909 1527
910 964
910 981
910 982
910 1131
910 1140
910 1432
910 1590
910 1673
911 1354
914 1551
918 1252
921 1265
922 923
923 1233
923 1416
924 1539
925 1532
926 1019
926 1112
927 1019
928 983
929 1559
929 2442
930 1062
930 1254
931 1000
931 1463
934 1009
934 1353
937 1234
938 1127
939 1242
943 1646
944 1337
946 1179
948 1281
948 1282
949 1608
950 1241
951 1554
951 2605
953 972
954 969
956 1178
956 2598
960 1292
960 1301
961 1515
964 965
964 1432
964 1673
965 1060
965 1253
965 1673
966 1131
966 1481
968 1285
970 974
970 1378
970 1396
973 993
976 1287
978 1593
978 1954
980 1488
983 1002
983 1531
983 1636
985 2038
985 2066
986 2605
986 2616
989 1418
990 1774
992 1354
994 1354
995 1178
995 1230
995 1231
995 1690
995 1971
995 1985
995 2139
996 1015
998 1241
999 1240
999 1512
1000 1185
1001 1354
1002 1735
1003 1004
1003 1343
1003 1364
1003 1469
1003 1897
1003 2028
1004 1343
1004 1364
1004 2146
1004 2483
1006 1025
1006 2040
1006 2360
1008 1011
1009 2175
1010 1011
1010 1061
1010 1578
1010 1651
1011 1569
1013 1156
1014 1056
1016 1110
1016 1729
1018 1142
1020 1328
1020 1329
1023 1090
1024 1335
1024 2338
1025 1238
1025 1449
1027 1388
1028 1037
1028 1435
1029 2456
1030 1136
1030 1946
1031 1328
1032 1335
1034 1730
1035 1216
1036 1662
1037 1470
1040 1354
1041 1321
1042 1043
1042 1435
1044 1365
1045 1540
1047 1344
1047 1345
1047 1355
1049 1292
1049 1329
1050 1171
1050 1306
1050 1492
1050 1499
1051 2576
1053 1463
1053 1568
1053 1607
1057 1307
1058 1211
1060 1523
1061 1244
1061 1578
1062 1254
1063 1065
1063 1153
1063 1628
1064 1937
1065 1106
1065 1305
1069 1096
1069 1455
1069 1685
1071 1292
1071 1498
1072 1520
1073 1112
1073 1182
1074 1174
1076 1078
1076 2461
1078 1086
1079 1315
1080 1321
1081 1259
1082 1259
1082 2312
1083 1660
1086 1641
1088 1565
1092 1484
1093 1659
1093 2085
1093 2228
1094 2228
1095 1433
1101 1328
1102 1413
1102 1479
1105 2356
1106 1305
1107 1328
1107 1617
1108 1503
1108 1507
1109 1328
1109 1570
1110 1728
1111 1339
1111 1412
1112 1618
1113 1153
1113 1380
1114 1117
1114 1261
1114 1588
1114 1603
1114 1696
1116 1593
1117 1588
1117 1603
1117 2089
1118 1540
1119 2405
1121 1138
1121 1344
1121 1640
1123 1354
1124 1567
1125 1483
1125 1496
1126 1212
1126 1497
1128 1393
1129 1222
1131 1253
1132 1309
1134 1264
1135 1442
1135 1444
1136 1333
1136 1523
1136 1740
1138 1344
1138 1420
1140 1311
1141 1240
1141 1241
1143 1404
1143 2429
1146 1676
1147 1241
1148 1355
1149 1323
1149 1891
1149 2044
1151 1350
1152 1453
1153 1455
1153 1675
1154 1531
1155 1328
1155 1601
1157 1700
1159 1485
1160 1166
1161 1560
1161 1592
1161 2324
1161 2423
1163 1497
1163 1534
1164 1570
1164 1626
1167 1331
1169 1284
1172 2108
1173 2583
1174 1297
1176 1354
1176 1592
1177 1620
1178 1230
1178 1232
1178 1362
1180 1620
1182 1569
1182 1578
1183 1193
1183 1202
1184 1362
1184 2199
1185 1521
1186 1268
1188 1354
1190 1321
1191 1290
1191 2423
1192 2150
1195 1203
1198 1296
1198 1683
1203 1411
1204 2624
1206 1544
1207 1333
1208 1429
1211 1520
1213 1649
1214 1635
1218 1571
1220 1484
1220 1608
1221 1797
1221 2703
1223 1335
1223 1422
1224 1333
1227 1236
1228 1687
1228 1688
1228 1693
1230 2470
1230 2598
1231 1232
1231 1495
1231 2086
1232 2211
1234 1275
1234 1510
1236 1669
1237 1422
1237 1457
1237 1484
1238 1290
1238 1550
1239 1387
1240 1241
1241 1347
1241 2559
1243 1524
1244 1596
1245 1520
1246 1520
1249 1408
1249 1473
1249 1734
1250 1251
1252 1477
1252 1485
1252 1634
1253 1311
1254 1464
1256 1644
1256 2675
1257 1872
1257 2087
1258 1520
1260 1269
1260 2090
1261 2089
1263 2585
1265 1725
1267 1500
1268 1757
1268 1842
1268 1898
1268 2419
1269 1312
1269 2618
1270 1335
1272 1282
1272 1346
1272 1451
1272 1604
1274 1303
1275 2291
1276 1506
1276 1525
1277 2152
1281 1282
1281 1346
1281 1451
1281 1604
1283 1318
1287 1437
1288 1593
1290 1918
1290 2169
1293 1592
1293 1600
1293 1606
1298 1592
1299 1392
1300 1342
1301 2346
1307 1657
1308 1504
1308 1507
1310 1499
1312 1622
1313 1382
1313 1623
1324 1747
1326 1747
1326 2161
1328 1423
1328 1513
1328 1568
1328 1644
1329 2127
1333 1708
1335 1339
1335 1478
1335 1607
1336 1478
1337 2300
1337 2343
1339 1678
1339 2443
1343 1456
1345 1640
1348 1535
1348 1537
1351 1498
1352 2674
1353 2302
1353 2317
1354 1426
1354 1465
1356 1430
1357 1461
1358 1661
1361 1463
1363 2475
1364 1705
1366 1373
1366 2373
1366 2414
1366 2562
1376 1546
1377 1642
1378 1540
1378 2485
1379 1611
1383 1398
1385 1706
1386 1715
1386 2360
1388 1586
1389 2707
1390 1491
1393 1437
1399 1463
1401 1554
1401 2605
1405 1463
1408 1931
1409 1797
1409 2220
1411 2203
1412 1431
1415 1504
1415 1525
1417 1421
1418 2499
1422 1657
1423 2583
1424 1799
1425 1550
1428 1601
1428 1622
1428 2229
1428 2424
1428 2539
1428 2617
1437 1593
1441 1638
1441 1717
1442 1445
1447 1515
1448 1621
1457 1462
1458 1714
1459 2078
1459 2404
1462 1657
1469 1661
1469 1705
1471 1501
1471 1633
1479 2543
1481 1573
1484 1500
1484 1521
1484 1522
1484 1692
1486 1569
1487 1528
1488 1490
1488 1668
1498 2450
1503 1507
1503 1525
1504 1506
1504 1507
1506 1507
1506 1525
1508 1724
1510 2057
1512 1671
1515 1711
1518 1536
1520 1524
1520 1709
1527 2076
1527 2166
1527 2524
1530 2089
1534 1556
1534 1597
1536 2504
1539 2091
1545 1582
1549 1602
1550 1555
1552 1554
1553 1554
1557 1649
1558 2564
1560 2198
1562 1637
1569 1587
1569 1679
1569 1721
1569 1726
1570 1678
1571 2202
1573 2174
1576 1595
1577 1580
1578 1622
1580 1625
1581 1711
1582 1909
1582 2677
1583 2396
1584 1626
1584 2037
1588 2334
1591 1701
1595 1657
1595 1824
1595 1964
1595 2346
1599 1697
1601 1644
1601 2423
1608 2225
1615 1639
1626 1735
1631 2604
1632 1687
1636 1684
1636 2074
1640 2706
1643 1649
1644 1732
1644 1862
1644 2423
1644 2484
1647 2586
1647 2615
1649 1687
1667 1697
1668 2378
1674 1680
1679 1726
1681 1682
1684 1726
1686 2282
1690 1736
1696 1769
1696 1943
1696 1971
1696 2175
1698 2597
1699 2656
1713 1716
1713 1870
1713 1982
1713 1992
1713 2002
1716 2153
1718 1867
1718 2413
1718 2582
1719 1911
1719 2175
1719 2261
1736 1737
1745 2175
1748 2182
1751 2691
1754 1867
1754 1869
1756 2603
1756 2613
1757 2341
1758 2412
1759 2698
1761 2208
1762 2495
1764 1938
1766 1810
1770 1938
1771 1775
1772 2307
1773 2545
1774 2619
1775 1793
1775 1795
1775 2082
1777 2064
1778 2024
1779 2007
1780 2007
1782 2328
1784 2688
1787 2499
1787 2676
1788 1795
1788 2178
1789 2469
1790 2334
1791 1859
1793 2178
1794 1795
1794 2545
1795 2178
1796 2001
1800 1907
1800 1994
1800 1995
1803 1913
1804 2289
1805 2289
1806 2279
1806 2570
1809 2585
1815 2670
1816 1934
1818 2029
1818 2073
1819 2580
1820 2569
1822 2662
1823 2487
1823 2580
1824 2675
1825 1966
1826 2630
1827 2224
1831 1836
1832 1836
1832 2334
1834 1905
1835 2011
1835 2182
1836 2334
1839 2688
1844 1845
1845 1979
1851 1896
1852 2592
1853 2320
1854 1855
1854 1864
1854 2048
1854 2299
1854 2482
1854 2645
1855 2075
1858 2481
1860 2658
1862 1863
1862 1964
1864 2122
1864 2276
1868 2421
1869 2409
1875 2439
1875 2553
1876 2634
1877 2215
1879 2355
1881 2450
1883 2177
1884 1885
1884 1886
1884 1902
1885 1886
1886 1902
1888 2427
1889 2648
1893 1895
1893 1908
1896 2393
1897 2182
1898 2140
1900 2492
1903 2612
1904 2556
1906 2421
1907 2301
1908 2514
1908 2561
1910 2242
1910 2366
1910 2375
1910 2416
1910 2506
1911 2087
1915 1981
1921 2402
1922 2026
1923 1928
1924 2040
1924 2327
1925 2206
1925 2392
1927 2537
1928 2570
1930 2512
1931 2277
1931 2402
1931 2624
1934 2463
1936 1943
1937 2293
1940 2220
1940 2250
1942 2573
1946 2516
1947 2557
1950 2220
1952 2029
1952 2393
1952 2396
1953 2107
1954 2150
1954 2183
1954 2222
1955 2149
1955 2190
1958 2220
1958 2226
1962 2509
1963 2195
1968 2619
1969 2051
1969 2309
1973 2451
1974 2227
1977 2153
1977 2219
1977 2318
1980 2202
1981 2491
1982 2153
1984 2206
1985 2065
1986 2338
1987 2607
1988 2401
1991 2510
1993 2546
1994 1995
1994 2241
1995 2097
1999 2003
1999 2515
2000 2115
2003 2515
2005 2345
2008 2022
2009 2534
2011 2182
2012 2135
2014 2018
2015 2092
2015 2327
2030 2128
2030 2130
2030 2131
2030 2316
2030 2659
2031 2171
2034 2327
2036 2696
2037 2151
2040 2360
2043 2270
2044 2683
2046 2107
2052 2062
2053 2054
2053 2685
2053 2690
2056 2095
2057 2695
2060 2062
2066 2674
2074 2607
2076 2559
2080 2609
2082 2178
2083 2511
2084 2615
2085 2228
2088 2525
2091 2438
2098 2156
2106 2649
2107 2496
2107 2571
2108 2140
2111 2302
2117 2639
2121 2212
2126 2213
2126 2591
2128 2479
2131 2319
2133 2199
2133 2206
2135 2333
2136 2148
2139 2220
2141 2418
2141 2511
2149 2188
2149 2194
2150 2305
2155 2467
2157 2565
2162 2586
2165 2193
2165 2363
2166 2167
2166 2524
2169 2420
2170 2237
2173 2204
2175 2249
2175 2250
2175 2259
2176 2535
2178 2181
2188 2189
2188 2190
2188 2194
2197 2342
2198 2537
2201 2233
2203 2397
2203 2405
2208 2234
2208 2235
2208 2313
2209 2689
2216 2688
2218 2337
2220 2252
2220 2478
2220 2563
2220 2600
2221 2404
2229 2663
2231 2635
2236 2262
2236 2542
2237 2274
2238 2271
2239 2413
2239 2414
2243 2244
2243 2245
2247 2263
2247 2701
2251 2296
2255 2412
2257 2444
2264 2519
2268 2275
2269 2277
2273 2360
2275 2445
2277 2624
2279 2579
2282 2426
2285 2311
2290 2291
2294 2529
2295 2667
2300 2636
2308 2652
2316 2659
2321 2370
2322 2498
2322 2500
2323 2419
2325 2538
2329 2589
2330 2604
2332 2334
2333 2583
2335 2378
2337 2610
2341 2425
2344 2707
2359 2520
2362 2510
2366 2458
2366 2575
2372 2489
2373 2374
2373 2414
2374 2507
2375 2661
2376 2422
2380 2514
2385 2499
2389 2421
2391 2548
2394 2427
2398 2399
2409 2543
2411 2666
2415 2530
2416 2506
2418 2511
2422 2499
2422 2500
2423 2627
2423 2657
2424 2589
2425 2474
2426 2431
2426 2493
2427 2591
2431 2591
2440 2543
2452 2595
2453 2666
2458 2506
2461 2492
2472 2476
2484 2614
2486 2586
2495 2694
2496 2571
2498 2567
2504 2667
2506 2575
2506 2661
2508 2577
2509 2618
2514 2558
2517 2533
2536 2629
2576 2678
2578 2679
2584 2632
2596 2669
2596 2680
2596 2686
2626 2656
2637 2652
2643 2646
2647 2658
2697 2698
2697 2700
