382 2132 1
611 716 1
2052 2062 1
1001 1354 1
117 345 1
2188 2190 1
215 2061 1
99 2578 1
1536 2504 1
163 1277 1
2576 2678 1
1000 1185 1
188 380 1
523 2480 1
1141 1240 1
53 243 1
1560 2198 1
812 1365 1
1004 2483 1
570 1245 1
2015 2327 1
1647 2615 1
1227 1236 1
983 1531 1
492 565 1
1927 2537 1
116 686 1
798 1433 1
2380 2514 1
74 987 1
1146 1676 1
1719 2261 1
427 1274 1
170 250 1
163 659 1
491 2318 1
381 635 1
284 583 1
2452 2595 1
2221 2404 1
1053 1463 1
2085 2228 1
1503 1525 1
635 686 1
301 489 1
304 427 1
666 745 1
1504 1506 1
687 1564 1
785 1328 1
499 1288 1
1136 1523 1
180 350 1
1252 1485 1
281 858 1
157 2095 1
453 2092 1
629 1537 1
297 809 1
203 359 1
135 418 1
1287 1437 1
1129 1222 1
791 1003 1
611 633 1
980 1488 1
576 1524 1
523 2600 1
2506 2575 1
458 747 1
303 2091 1
345 1924 1
1953 2107 1
1937 2293 1
59 839 1
2243 2245 1
1281 1604 1
1025 1238 1
631 1562 1
359 2499 1
119 430 1
1328 1423 1
476 1056 1
869 1374 1
1277 2152 1
472 1006 1
818 1125 1
1154 1531 1
938 1127 1
937 1234 1
99 1803 1
427 1405 1
556 2354 1
1573 2174 1
1188 1354 1
1804 2289 1
415 995 1
76 345 1
157 1038 1
507 2548 1
1928 2570 1
1379 1611 1
1071 1292 1
442 635 1
2498 2567 1
281 460 1
276 1993 1
611 1265 1
1121 1640 1
248 1326 1
248 419 1
742 1240 1
173 575 1
376 704 1
1336 1478 1
129 2446 1
995 1230 1
2285 2311 1
1818 2029 1
350 770 1
965 1673 1
998 1241 1
1094 2228 1
1293 1592 1
1252 1477 1
686 1273 1
163 1110 1
1163 1497 1
612 2568 1
964 965 1
41 1716 1
13 1234 1
1180 1620 1
558 1934 1
74 2654 1
26 747 1
14 746 1
1238 1290 1
300 1621 1
1328 1644 1
861 1431 1
294 665 1
148 1687 1
321 1192 1
99 1852 1
1249 1473 1
1756 2603 1
189 395 1
833 1516 1
350 664 1
397 2346 1
902 964 1
107 250 1
510 2223 1
555 556 1
1576 1595 1
551 2473 1
2203 2397 1
772 1241 1
564 565 1
70 1521 1
321 2305 1
100 265 1
228 1692 1
1558 2564 1
607 1306 1
1358 1661 1
142 823 1
1283 1318 1
1343 1456 1
1608 2225 1
1237 1422 1
684 779 1
649 2560 1
523 2551 1
548 565 1
611 1103 1
1884 1885 1
427 2683 1
656 657 1
1288 1593 1
554 875 1
427 2255 1
223 430 1
359 1871 1
640 2054 1
1221 2703 1
1263 2585 1
2294 2529 1
42 189 1
1569 1726 1
930 1254 1
453 2156 1
889 892 1
576 726 1
565 1529 1
1239 1387 1
427 2412 1
468 2377 1
260 1527 1
112 572 1
638 2426 1
899 1565 1
1582 2677 1
1074 1174 1
636 2204 1
163 2667 1
189 2664 1
911 1354 1
65 743 1
809 919 1
420 2214 1
1994 2241 1
378 585 1
163 189 1
1063 1153 1
148 656 1
57 565 1
576 2026 1
565 2480 1
168 2604 1
66 2359 1
163 546 1
1272 1451 1
305 410 1
1113 1380 1
833 1218 1
611 1352 1
343 1303 1
44 2428 1
2372 2489 1
163 2564 1
62 324 1
1806 2570 1
593 594 1
654 1260 1
1601 2423 1
813 1523 1
566 588 1
1281 1282 1
34 559 1
687 2381 1
611 2505 1
570 1381 1
2366 2458 1
257 480 1
228 2465 1
362 747 1
166 649 1
397 747 1
66 215 1
968 1285 1
1078 1086 1
41 352 1
826 1273 1
117 155 1
729 1945 1
900 1533 1
53 1563 1
1484 1522 1
621 1859 1
64 284 1
1366 1373 1
2374 2507 1
681 712 1
7 258 1
109 672 1
1800 1907 1
2325 2538 1
344 1622 1
2394 2427 1
2411 2666 1
1879 2355 1
1897 2182 1
1240 1241 1
78 560 1
464 573 1
1819 2580 1
484 641 1
2596 2686 1
846 2204 1
986 2605 1
169 570 1
2005 2345 1
738 1741 1
402 681 1
1751 2691 1
1328 1568 1
378 2042 1
569 767 1
857 1483 1
1138 1420 1
1252 1485 1
990 1774 1
366 590 1
314 1244 1
558 1532 1
566 671 1
163 1410 1
379 756 1
539 1210 1
544 751 1
1072 1520 1
636 1573 1
2053 2054 1
36 1066 1
1815 2670 1
611 2352 1
1484 1500 1
2117 2639 1
157 2540 1
909 1527 1
106 597 1
1667 1697 1
1080 1321 1
503 1952 1
12 84 1
853 1019 1
478 565 1
1832 1836 1
465 565 1
229 477 1
640 732 1
1105 2356 1
429 1290 1
1088 1565 1
78 157 1
143 337 1
1028 1435 1
910 1432 1
1756 2613 1
163 1253 1
430 1165 1
188 755 1
1010 1651 1
2344 2707 1
2426 2431 1
1854 2048 1
594 1621 1
745 2325 1
1954 2150 1
354 576 1
2149 2188 1
1696 1943 1
109 640 1
85 294 1
626 687 1
31 1116 1
1980 2202 1
230 427 1
158 707 1
14 435 1
74 1017 1
403 2302 1
163 769 1
566 1459 1
667 867 1
74 310 1
1214 1635 1
518 2532 1
500 563 1
799 1706 1
1050 1306 1
1256 2675 1
157 1017 1
1160 1166 1
1888 2427 1
414 1174 1
926 1019 1
287 591 1
200 1891 1
163 2173 1
68 979 1
1973 2451 1
789 1409 1
910 1131 1
1114 1603 1
153 747 1
492 734 1
1178 1230 1
163 1890 1
1161 1560 1
33 250 1
565 633 1
477 745 1
1083 1660 1
74 1103 1
1864 2122 1
1125 1496 1
236 430 1
427 477 1
1981 2491 1
538 1204 1
910 1140 1
1275 2291 1
1307 1657 1
1719 1911 1
1684 1726 1
809 1639 1
423 557 1
878 1023 1
925 1532 1
1910 2416 1
399 427 1
294 636 1
98 2696 1
858 2035 1
576 1014 1
1991 2510 1
538 1036 1
9 481 1
1907 2301 1
873 920 1
227 2319 1
748 1933 1
251 1877 1
1876 2634 1
344 521 1
1631 2604 1
5 2164 1
803 1563 1
898 1687 1
1855 2075 1
1237 1484 1
594 1122 1
507 798 1
226 617 1
64 289 1
1884 1902 1
109 640 1
951 2605 1
1057 1307 1
124 2400 1
727 1136 1
588 699 1
314 1726 1
1718 2582 1
1253 1311 1
157 2019 1
1947 2557 1
276 2546 1
583 1214 1
2209 2689 1
1571 2202 1
1974 2227 1
552 621 1
1995 2097 1
207 688 1
681 2309 1
1428 1622 1
157 1075 1
825 1215 1
1245 1520 1
1223 1335 1
1260 1269 1
507 2391 1
1363 2475 1
163 2175 1
49 581 1
745 1704 1
163 1685 1
667 2270 1
740 1667 1
163 2280 1
1047 1344 1
1036 1662 1
2218 2337 1
1231 1232 1
381 430 1
1506 1525 1
485 1838 1
2647 2658 1
18 890 1
41 1733 1
163 1113 1
259 320 1
163 1362 1
405 1592 1
163 781 1
36 1701 1
2504 2667 1
1647 2586 1
166 1125 1
2197 2342 1
76 694 1
403 2104 1
294 807 1
591 1032 1
2514 2558 1
1167 1331 1
88 682 1
1908 2561 1
950 1241 1
297 441 1
578 1122 1
1844 1845 1
1299 1392 1
465 565 1
566 1643 1
1718 1867 1
1390 1491 1
649 2123 1
349 747 1
815 1523 1
892 904 1
1773 2545 1
570 1814 1
672 1293 1
809 1129 1
84 1347 1
1228 1693 1
846 2173 1
1484 1692 1
129 1728 1
91 747 1
1963 2195 1
430 524 1
344 2291 1
1234 1275 1
157 916 1
612 1046 1
1268 1842 1
1487 1528 1
995 1178 1
2044 2683 1
1010 1011 1
247 500 1
565 1790 1
2251 2296 1
1906 2421 1
766 2532 1
1982 2153 1
667 1974 1
809 1615 1
196 216 1
1562 1637 1
1031 1328 1
1006 2360 1
523 1790 1
157 214 1
1290 2169 1
1409 2220 1
2133 2206 1
163 523 1
163 1729 1
1719 2175 1
2423 2657 1
1352 2674 1
1161 2423 1
293 387 1
548 1859 1
142 1283 1
142 1547 1
359 1068 1
74 787 1
103 465 1
900 1207 1
926 1112 1
1696 1971 1
299 2110 1
799 1122 1
1308 1504 1
549 591 1
268 613 1
1713 1870 1
235 747 1
550 569 1
501 503 1
1858 2481 1
14 258 1
2626 2656 1
2373 2374 1
418 740 1
1393 1437 1
14 31 1
857 1125 1
2584 2632 1
1185 1521 1
1518 1536 1
1073 1182 1
12 155 1
489 2670 1
2034 2327 1
1232 2211 1
154 392 1
1004 1364 1
109 884 1
19 571 1
1903 2612 1
910 982 1
99 2592 1
824 1707 1
185 324 1
375 638 1
1388 1586 1
1143 2429 1
1353 2302 1
1333 1708 1
1377 1642 1
640 1897 1
342 729 1
423 558 1
427 2448 1
1681 1682 1
456 1748 1
1924 2327 1
129 2363 1
82 1440 1
225 2428 1
289 1535 1
78 2681 1
1877 2215 1
2229 2663 1
757 2058 1
1138 1344 1
2162 2586 1
415 1836 1
163 813 1
247 1973 1
230 391 1
418 1198 1
611 1116 1
295 2078 1
418 1269 1
262 266 1
1117 1588 1
788 1268 1
367 483 1
1010 1061 1
1047 1355 1
585 2290 1
1778 2024 1
380 2196 1
19 571 1
577 2492 1
883 1210 1
2322 2498 1
342 1945 1
650 1006 1
457 649 1
1003 1004 1
286 378 1
340 709 1
1636 2074 1
801 1475 1
1108 1503 1
1093 2228 1
876 1269 1
378 2447 1
999 1240 1
719 1666 1
1852 2592 1
636 764 1
326 327 1
1184 1362 1
731 1656 1
430 1569 1
577 2034 1
318 1173 1
1745 2175 1
1366 2562 1
294 466 1
2257 2444 1
219 1738 1
822 1644 1
696 1672 1
434 2473 1
565 2442 1
383 631 1
570 874 1
74 193 1
672 2040 1
1076 2461 1
282 592 1
1904 2556 1
129 163 1
1869 2409 1
219 757 1
1102 1479 1
1121 1344 1
1121 1138 1
608 611 1
2239 2413 1
1977 2153 1
163 2116 1
20 640 1
276 342 1
970 1396 1
344 1244 1
52 478 1
1298 1592 1
889 904 1
1736 1737 1
1050 1499 1
428 598 1
427 1547 1
1632 1687 1
364 366 1
548 1860 1
787 1287 1
2415 2530 1
1569 1721 1
1984 2206 1
163 1060 1
82 305 1
1183 1193 1
565 2118 1
2231 2635 1
1816 1934 1
793 1380 1
2323 2419 1
2030 2128 1
306 554 1
693 1501 1
1958 2226 1
832 1701 1
163 2296 1
1696 2175 1
2040 2360 1
327 1532 1
1825 1966 1
552 653 1
163 1098 1
1339 1678 1
492 1186 1
811 1140 1
478 568 1
359 2422 1
1069 1685 1
1114 1588 1
163 1130 1
672 1386 1
163 1136 1
552 723 1
1191 2423 1
248 2088 1
288 2380 1
2015 2092 1
1164 1570 1
1780 2007 1
569 710 1
1107 1328 1
2578 2679 1
48 2456 1
558 2660 1
328 747 1
2422 2500 1
161 713 1
1354 1426 1
839 1709 1
2398 2399 1
359 808 1
173 552 1
1893 1908 1
161 2311 1
559 2341 1
76 1128 1
2385 2499 1
1520 1524 1
565 601 1
781 846 1
2290 2291 1
2508 2577 1
247 2257 1
427 1975 1
1313 1623 1
1163 1534 1
764 769 1
2279 2579 1
1790 2334 1
1152 1453 1
41 2456 1
810 1287 1
438 550 1
923 1416 1
768 772 1
344 675 1
688 835 1
1069 1096 1
1527 2524 1
1044 1365 1
21 567 1
503 2396 1
2175 2249 1
1069 1455 1
44 686 1
163 2363 1
426 2431 1
200 536 1
1270 1335 1
415 2664 1
865 2560 1
1228 1688 1
1910 2242 1
881 2423 1
204 2410 1
834 1814 1
745 1700 1
1615 1639 1
871 1591 1
1182 1569 1
924 1539 1
1042 1043 1
344 2171 1
1824 2675 1
1389 2707 1
1106 1305 1
427 946 1
204 597 1
1329 2127 1
1207 1333 1
0 435 1
1488 1668 1
355 2068 1
1758 2412 1
1415 1504 1
312 427 1
378 1275 1
359 2376 1
793 1070 1
252 294 1
1471 1501 1
1218 1571 1
636 2173 1
383 638 1
1020 1328 1
1206 1544 1
107 1937 1
427 584 1
668 975 1
168 1756 1
27 84 1
1132 1309 1
1204 2624 1
74 975 1
1117 1603 1
1049 1292 1
1803 1913 1
342 1800 1
335 585 1
591 2475 1
848 1223 1
36 2072 1
875 933 1
1243 1524 1
133 394 1
1203 1411 1
364 365 1
2030 2130 1
178 286 1
15 322 1
391 1283 1
1176 1592 1
202 427 1
295 1012 1
110 747 1
2247 2701 1
206 536 1
63 210 1
793 1069 1
258 751 1
562 1889 1
2359 2520 1
564 738 1
84 715 1
1208 1429 1
1117 2089 1
965 1060 1
1351 1498 1
1153 1455 1
856 1016 1
1999 2003 1
2173 2204 1
810 1718 1
250 736 1
427 2453 1
234 747 1
447 630 1
1186 1268 1
38 372 1
2426 2493 1
1718 2413 1
68 2007 1
157 371 1
163 1575 1
227 478 1
635 660 1
192 193 1
2484 2614 1
535 761 1
430 2033 1
290 1911 1
451 552 1
1481 1573 1
757 1965 1
1484 1521 1
1809 2585 1
820 1115 1
121 731 1
692 1191 1
148 460 1
635 660 1
591 2182 1
812 1080 1
0 544 1
2165 2193 1
4 170 1
446 554 1
463 564 1
260 619 1
1591 1701 1
623 2140 1
46 238 1
102 2333 1
2088 2525 1
112 624 1
1257 1872 1
1626 1735 1
1921 2402 1
978 1954 1
124 747 1
359 2322 1
52 228 1
2295 2667 1
295 1782 1
1805 2289 1
862 1513 1
793 1715 1
793 1694 1
145 2286 1
333 565 1
742 772 1
52 2487 1
1889 2648 1
600 745 1
738 1727 1
8 14 1
318 991 1
478 497 1
1183 1202 1
1029 2456 1
289 1534 1
339 1602 1
861 1236 1
1595 1964 1
2216 2688 1
2220 2563 1
638 1460 1
569 1430 1
837 1489 1
411 2232 1
555 615 1
895 1436 1
163 563 1
1155 1601 1
1506 1507 1
1796 2001 1
561 747 1
1601 1644 1
488 591 1
291 487 1
1191 1290 1
119 228 1
1969 2309 1
552 575 1
254 1176 1
1157 1700 1
1471 1633 1
1788 1795 1
966 1131 1
163 188 1
1832 2334 1
2126 2213 1
227 638 1
1328 1513 1
163 402 1
411 1891 1
565 2629 1
401 442 1
638 1027 1
1853 2320 1
661 1191 1
773 1687 1
27 532 1
1770 1938 1
1910 2506 1
55 1784 1
155 513 1
173 1378 1
296 1236 1
21 294 1
1155 1328 1
1047 1344 1
611 899 1
675 2215 1
420 439 1
1428 2229 1
743 2077 1
156 521 1
570 1524 1
1339 2443 1
1771 1775 1
538 1738 1
743 744 1
1176 1354 1
565 1782 1
173 294 1
312 645 1
793 1334 1
163 237 1
300 593 1
1954 2222 1
75 1354 1
402 403 1
479 1354 1
163 1734 1
242 1006 1
931 1000 1
569 1025 1
66 1531 1
566 1816 1
772 1502 1
219 2563 1
2076 2559 1
191 448 1
478 523 1
579 747 1
163 1305 1
785 1155 1
2139 2220 1
71 2442 1
277 523 1
192 519 1
430 1270 1
686 760 1
103 565 1
2011 2182 1
1823 2580 1
1082 2312 1
2053 2685 1
553 2459 1
1583 2396 1
964 1432 1
837 1686 1
550 2423 1
2170 2237 1
565 1213 1
84 1550 1
2201 2233 1
2057 2695 1
303 478 1
519 705 1
2366 2575 1
585 911 1
1230 2470 1
809 1044 1
1868 2421 1
995 1231 1
136 1776 1
691 2658 1
811 910 1
1141 1241 1
1794 1795 1
163 2518 1
567 970 1
1884 1886 1
163 1219 1
565 1440 1
184 433 1
2637 2652 1
319 1273 1
1549 1602 1
93 725 1
726 1418 1
1238 1550 1
1488 1490 1
939 1242 1
964 1673 1
2083 2511 1
93 759 1
1272 1282 1
84 1803 1
194 673 1
365 590 1
712 1036 1
961 1515 1
824 1215 1
1131 1253 1
923 1233 1
569 1986 1
668 1508 1
1002 1735 1
1079 1315 1
1915 1981 1
1241 2559 1
362 2191 1
1169 1284 1
267 459 1
227 296 1
1184 2199 1
1835 2182 1
464 573 1
1401 2605 1
830 1252 1
887 1531 1
66 183 1
109 2054 1
629 1535 1
611 1564 1
163 961 1
146 747 1
299 596 1
929 1559 1
182 468 1
1428 1601 1
1834 1905 1
1787 2499 1
90 680 1
848 1400 1
600 747 1
565 2642 1
206 1028 1
66 1248 1
1713 1982 1
86 249 1
99 1619 1
66 149 1
1111 1339 1
2149 2194 1
829 962 1
585 2291 1
427 2658 1
420 2590 1
565 773 1
1348 1535 1
186 566 1
785 862 1
624 700 1
1281 1451 1
98 1954 1
1854 1855 1
525 1427 1
836 1595 1
240 2308 1
1437 1593 1
2014 2018 1
1910 2375 1
342 2546 1
1764 1938 1
1595 1824 1
2277 2624 1
2373 2414 1
163 1159 1
270 339 1
342 1993 1
668 2683 1
527 1656 1
2236 2262 1
2496 2571 1
1793 2178 1
1640 2706 1
1791 1859 1
611 718 1
1757 2341 1
928 983 1
1149 2044 1
483 566 1
492 1741 1
638 722 1
2495 2694 1
1231 2086 1
1035 1216 1
850 917 1
815 880 1
910 964 1
1149 1323 1
1898 2140 1
1051 2576 1
1030 1946 1
178 378 1
2220 2478 1
453 2618 1
238 489 1
620 747 1
854 1231 1
1775 1795 1
1950 2220 1
611 2340 1
59 1709 1
1469 1705 1
1062 1254 1
74 949 1
65 744 1
580 1497 1
74 661 1
1269 1312 1
1254 1464 1
163 530 1
29 319 1
302 428 1
19 74 1
427 1103 1
1498 2450 1
1599 1697 1
843 1101 1
517 2509 1
1030 1136 1
157 979 1
1354 1465 1
1276 1525 1
605 676 1
163 1536 1
381 2342 1
1845 1979 1
270 467 1
717 2568 1
951 1554 1
75 1854 1
227 1547 1
1570 1678 1
1195 1203 1
48 1783 1
834 1067 1
1118 1540 1
388 2590 1
88 208 1
456 569 1
1520 1709 1
2335 2378 1
995 1985 1
260 2524 1
986 2616 1
1023 1090 1
1376 1546 1
211 645 1
1126 1212 1
163 1457 1
419 1326 1
1800 1995 1
1787 2676 1
1457 1462 1
95 161 1
449 1539 1
519 2549 1
483 650 1
88 762 1
551 2215 1
1053 1607 1
1016 1729 1
799 2656 1
478 479 1
2169 2420 1
2053 2685 1
1198 1296 1
1955 2190 1
1766 1810 1
84 1241 1
313 1642 1
240 2652 1
934 1353 1
117 452 1
983 1636 1
477 1645 1
23 759 1
160 1857 1
163 856 1
22 1790 1
2375 2661 1
2066 2674 1
163 1380 1
1748 2182 1
268 2046 1
318 445 1
204 747 1
1095 1433 1
262 1980 1
775 875 1
804 1664 1
1415 1525 1
345 2389 1
840 1196 1
1534 1556 1
2425 2474 1
432 598 1
632 683 1
1125 1483 1
682 2430 1
449 479 1
1854 2482 1
2282 2426 1
882 1529 1
217 747 1
344 1627 1
427 2574 1
2239 2414 1
1479 2543 1
1399 1463 1
1337 2300 1
307 735 1
1128 1393 1
158 433 1
1860 2658 1
74 2013 1
519 2448 1
1447 1515 1
59 874 1
427 823 1
569 1269 1
905 976 1
611 1732 1
2198 2537 1
1412 1431 1
2128 2479 1
24 39 1
71 1923 1
749 1459 1
1952 2396 1
578 1877 1
129 538 1
2208 2313 1
1486 1569 1
1649 1687 1
453 1358 1
227 823 1
1930 2512 1
2506 2661 1
424 571 1
427 1811 1
318 2333 1
552 601 1
42 188 1
745 1756 1
1357 1461 1
85 2368 1
653 2480 1
146 427 1
745 1564 1
1230 2598 1
500 2444 1
1553 1554 1
1244 1596 1
1835 2011 1
406 2307 1
1211 1520 1
427 2295 1
1109 1328 1
1417 1421 1
744 2316 1
100 1611 1
213 492 1
2175 2250 1
1644 2423 1
411 536 1
256 2369 1
277 483 1
1696 1769 1
82 295 1
1934 2463 1
929 2442 1
509 669 1
2009 2534 1
558 905 1
611 1499 1
1065 1305 1
854 2211 1
145 163 1
944 1337 1
1636 1684 1
2322 2500 1
206 1891 1
21 438 1
1003 1343 1
1569 1587 1
954 969 1
218 378 1
641 1739 1
1016 1110 1
13 578 1
36 257 1
2220 2252 1
572 881 1
496 663 1
1221 1797 1
277 552 1
163 2604 1
341 529 1
381 686 1
1795 2178 1
159 985 1
283 523 1
683 686 1
881 1203 1
788 1414 1
1178 1232 1
283 747 1
1716 2153 1
566 688 1
74 2284 1
411 1600 1
195 707 1
138 748 1
41 889 1
157 560 1
208 1270 1
324 327 1
1854 1864 1
558 1816 1
774 2707 1
163 2077 1
1335 1478 1
1159 1485 1
161 759 1
6 251 1
1569 1679 1
136 1479 1
576 1381 1
1923 1928 1
1698 2597 1
1820 2569 1
199 591 1
30 679 1
966 1481 1
953 972 1
489 747 1
1428 2424 1
1424 1799 1
819 1215 1
2036 2696 1
808 1320 1
1383 1398 1
591 672 1
58 1891 1
582 1792 1
298 410 1
2166 2524 1
244 750 1
345 2421 1
136 2580 1
1794 2545 1
344 2032 1
700 879 1
377 622 1
684 1550 1
1250 1251 1
1779 2007 1
1050 1492 1
275 464 1
1789 2469 1
1093 1659 1
1361 1463 1
1552 1554 1
2150 2305 1
816 881 1
2175 2259 1
55 361 1
1946 2516 1
1827 2224 1
1836 2334 1
480 2270 1
430 1792 1
163 1333 1
136 2172 1
514 569 1
163 1274 1
1423 2583 1
2461 2492 1
575 738 1
1174 1297 1
2509 2618 1
1025 1449 1
897 1240 1
1422 1657 1
583 2568 1
2472 2476 1
71 74 1
960 1301 1
355 576 1
453 1269 1
518 766 1
1252 1634 1
344 1267 1
223 686 1
1308 1507 1
747 779 1
427 1399 1
973 993 1
807 1438 1
611 1935 1
1224 1333 1
899 1564 1
854 1178 1
1107 1617 1
1469 1661 1
552 554 1
1504 1507 1
1114 1261 1
1335 1339 1
74 2266 1
791 1004 1
1240 1241 1
74 906 1
814 1129 1
114 171 1
1875 2439 1
46 867 1
1058 1211 1
444 753 1
1060 1523 1
1009 2175 1
537 606 1
862 2423 1
67 729 1
2643 2646 1
23 41 1
1008 1011 1
591 1186 1
8 751 1
163 727 1
145 1530 1
1826 2630 1
672 1460 1
2030 2316 1
1050 1171 1
785 1513 1
888 1731 1
1003 1469 1
847 1032 1
747 763 1
1806 2279 1
1713 1716 1
1006 2040 1
634 2593 1
1249 1734 1
142 391 1
344 1671 1
523 1687 1
518 662 1
576 2552 1
2453 2666 1
358 1255 1
76 2327 1
930 1254 1
1942 2573 1
2208 2235 1
2084 2615 1
848 1739 1
103 128 1
635 651 1
549 591 1
160 2681 1
2208 2234 1
1190 1321 1
74 345 1
680 747 1
352 1372 1
910 981 1
745 2437 1
569 1000 1
676 1014 1
825 1215 1
28 611 1
412 688 1
2243 2244 1
570 1246 1
2332 2334 1
177 2192 1
2389 2421 1
1011 1569 1
636 2672 1
1143 1404 1
1093 2085 1
1173 2583 1
1441 1717 1
142 227 1
521 1082 1
2141 2418 1
817 1212 1
2176 2535 1
157 1452 1
1428 2539 1
760 2428 1
583 2398 1
611 938 1
2178 2181 1
1231 1495 1
34 66 1
650 656 1
78 214 1
2031 2171 1
488 2053 1
549 672 1
163 1696 1
2121 2212 1
1527 2166 1
238 301 1
542 779 1
10 192 1
467 495 1
927 1019 1
1999 2515 1
251 2560 1
468 491 1
562 671 1
2141 2511 1
2376 2422 1
294 588 1
566 2658 1
735 2649 1
207 1676 1
163 174 1
996 1015 1
1047 1345 1
2424 2589 1
2697 2698 1
1931 2402 1
1003 1364 1
163 2316 1
837 1007 1
102 1824 1
324 389 1
297 1321 1
145 2280 1
285 1148 1
44 88 1
738 1213 1
717 1122 1
793 959 1
1081 1259 1
1788 2178 1
743 2316 1
1851 1896 1
163 935 1
1386 1715 1
1793 2178 1
1241 1347 1
1881 2450 1
621 738 1
97 439 1
798 1105 1
1261 2089 1
2308 2652 1
163 1675 1
2060 2062 1
591 2690 1
502 565 1
1761 2208 1
994 1354 1
616 2046 1
1028 1037 1
2341 2425 1
841 1240 1
2107 2496 1
2427 2591 1
163 415 1
1076 1078 1
882 1316 1
1134 1264 1
744 2030 1
1353 2317 1
350 427 1
1644 2484 1
1326 2161 1
88 251 1
1114 1696 1
613 2496 1
442 1908 1
1409 2220 1
632 2508 1
228 2617 1
2131 2319 1
427 658 1
1968 2619 1
163 1775 1
56 778 1
1151 1350 1
73 747 1
129 2220 1
163 2248 1
1003 2028 1
411 2582 1
163 1099 1
1268 1898 1
989 1418 1
230 1283 1
30 1148 1
1345 1640 1
755 757 1
447 1501 1
1578 1622 1
1442 1445 1
136 2231 1
1053 1568 1
960 1292 1
1962 2509 1
831 885 1
1268 1757 1
2330 2604 1
2416 2506 1
347 998 1
62 2474 1
368 611 1
703 747 1
738 2628 1
430 2137 1
163 1224 1
624 659 1
1049 1329 1
848 1468 1
1994 1995 1
793 943 1
163 422 1
136 1539 1
87 2021 1
15 80 1
163 2298 1
218 478 1
764 2174 1
356 510 1
420 2214 1
1988 2401 1
96 438 1
483 552 1
2409 2543 1
231 486 1
865 1505 1
1987 2607 1
1762 2495 1
491 2377 1
205 600 1
501 663 1
321 566 1
1147 1241 1
430 1284 1
839 1072 1
1550 1555 1
789 1206 1
188 523 1
2333 2583 1
2165 2363 1
456 2653 1
2012 2135 1
72 771 1
252 688 1
1032 1335 1
1024 1335 1
1326 1747 1
918 1252 1
2316 2659 1
985 2066 1
136 1370 1
109 171 1
336 747 1
2126 2591 1
333 566 1
247 563 1
1364 1705 1
167 559 1
14 384 1
109 2315 1
576 874 1
1310 1499 1
1213 1649 1
1977 2219 1
183 454 1
1004 2146 1
427 493 1
508 523 1
814 1044 1
137 416 1
76 975 1
663 2393 1
2082 2178 1
463 477 1
1040 1354 1
453 1449 1
1111 1412 1
202 204 1
1595 2346 1
1644 2423 1
193 280 1
2080 2609 1
188 415 1
161 1147 1
163 940 1
726 1068 1
1922 2026 1
54 523 1
1378 1540 1
625 659 1
294 1438 1
535 1560 1
956 2598 1
2003 2515 1
163 2286 1
946 1179 1
456 2455 1
1584 2037 1
2074 2607 1
1910 2366 1
1045 1540 1
740 929 1
552 691 1
1003 1897 1
627 1679 1
523 882 1
847 1402 1
561 745 1
1269 1312 1
1925 2392 1
294 477 1
558 1641 1
839 1067 1
2337 2610 1
181 518 1
727 1016 1
20 267 1
14 258 1
1301 2346 1
2300 2636 1
163 1784 1
2056 2095 1
858 1084 1
1313 1382 1
43 576 1
1086 1641 1
1064 1937 1
344 1442 1
1908 2514 1
2255 2412 1
786 1003 1
200 1464 1
245 1636 1
1182 1578 1
1545 1582 1
163 2274 1
649 1643 1
109 1296 1
28 1718 1
1993 2546 1
2091 2438 1
2098 2156 1
580 1212 1
142 230 1
15 254 1
1854 2645 1
1985 2065 1
1782 2328 1
853 1732 1
868 1649 1
2238 2271 1
1293 1606 1
0 258 1
76 131 1
699 747 1
400 555 1
858 991 1
1249 1408 1
812 1365 1
2043 2270 1
695 1967 1
1172 2108 1
1925 2206 1
1940 2250 1
2321 2370 1
983 1002 1
342 776 1
921 1265 1
86 735 1
1135 1442 1
386 745 1
1512 1671 1
1013 1156 1
38 563 1
492 2323 1
1418 2499 1
745 1932 1
121 1990 1
1177 1620 1
2111 2302 1
2458 2506 1
1954 2183 1
173 2485 1
1092 1484 1
376 641 1
1276 1506 1
1759 2698 1
18 127 1
978 1593 1
574 2360 1
1123 1354 1
193 420 1
453 2098 1
430 2487 1
1082 1259 1
38 1689 1
948 1282 1
667 2570 1
1441 1638 1
914 1551 1
161 996 1
763 1879 1
163 1205 1
5 490 1
472 650 1
1686 2282 1
1713 1992 1
634 1570 1
1269 2618 1
74 1928 1
108 304 1
206 1488 1
2697 2700 1
2423 2627 1
415 1832 1
1293 1600 1
2322 2498 1
853 1053 1
1864 2276 1
1063 1628 1
907 1252 1
784 917 1
70 255 1
667 1928 1
909 913 1
990 1774 1
676 1056 1
2106 2649 1
252 562 1
874 1520 1
851 1491 1
796 1629 1
324 326 1
236 1270 1
1337 2343 1
1065 1106 1
1428 2617 1
249 2649 1
134 505 1
735 2527 1
109 1661 1
430 1698 1
976 1287 1
2107 2571 1
2418 2511 1
574 1962 1
190 2223 1
872 1520 1
145 2521 1
109 967 1
1324 1747 1
1258 1520 1
427 2044 1
2236 2542 1
527 2662 1
488 549 1
378 1290 1
1713 2002 1
72 747 1
559 1816 1
1063 1065 1
215 696 1
25 456 1
1458 1714 1
665 747 1
238 1815 1
48 2682 1
1161 1592 1
611 719 1
89 430 1
809 814 1
453 1025 1
42 793 1
1126 1497 1
708 1116 1
323 2467 1
324 326 1
14 736 1
588 699 1
949 1608 1
1124 1567 1
688 1248 1
2220 2600 1
1539 2091 1
1061 1244 1
385 565 1
1113 1153 1
1220 1608 1
95 1255 1
714 1218 1
145 2251 1
1018 1142 1
59 570 1
827 1527 1
948 1281 1
50 581 1
201 1718 1
202 204 1
2053 2690 1
1952 2393 1
430 686 1
601 611 1
910 1590 1
1822 2662 1
197 749 1
427 1577 1
1644 1862 1
2373 2374 1
204 274 1
34 566 1
92 479 1
428 432 1
772 1147 1
52 430 1
1818 2073 1
2203 2405 1
6 490 1
158 184 1
636 2687 1
1064 1937 1
1010 1578 1
1754 1869 1
689 967 1
183 541 1
72 771 1
1192 2150 1
970 1378 1
611 2385 1
592 1509 1
113 747 1
2108 2140 1
610 747 1
1643 1649 1
1886 1902 1
445 690 1
1924 2040 1
747 771 1
1772 2307 1
527 1968 1
772 2167 1
403 2309 1
56 1027 1
409 1606 1
62 945 1
188 262 1
342 467 1
167 559 1
22 2257 1
415 789 1
999 1512 1
287 549 1
562 2018 1
163 2659 1
1595 1657 1
1265 1725 1
140 323 1
562 1117 1
575 1378 1
427 1037 1
347 452 1
1411 2203 1
1386 2360 1
105 248 1
930 1062 1
611 2676 1
1161 2324 1
1503 1507 1
2431 2591 1
89 635 1
359 1787 1
344 2426 1
1510 2057 1
1385 1706 1
45 220 1
943 1646 1
1101 1328 1
763 2355 1
570 872 1
459 640 1
71 661 1
2362 2510 1
834 1814 1
2135 2333 1
2422 2499 1
454 539 1
157 2230 1
2391 2548 1
885 1335 1
16 552 1
627 1057 1
1900 2492 1
1356 1430 1
905 1287 1
602 2334 1
76 869 1
1378 2485 1
995 1971 1
99 2679 1
820 1252 1
1527 2076 1
199 640 1
138 748 1
1260 2090 1
785 1812 1
1290 1918 1
1409 1797 1
87 383 1
1508 1724 1
1955 2149 1
66 288 1
1366 2414 1
572 747 1
1644 1732 1
163 800 1
1136 1333 1
1024 2338 1
74 680 1
126 2208 1
631 1057 1
176 379 1
638 1189 1
689 1826 1
427 1488 1
2188 2194 1
1257 2087 1
344 2609 1
20 732 1
163 219 1
419 1747 1
1149 1891 1
11 659 1
480 2570 1
611 1935 1
1358 1661 1
1854 2299 1
565 1316 1
1530 2089 1
497 2342 1
1267 1500 1
232 268 1
556 615 1
1931 2624 1
1883 2177 1
2596 2680 1
1246 1520 1
120 1959 1
430 686 1
1405 1463 1
220 295 1
2157 2565 1
1931 2277 1
453 591 1
141 1184 1
1153 1675 1
2536 2629 1
288 2037 1
276 2115 1
136 2543 1
1800 1995 1
1027 1388 1
2136 2148 1
939 1242 1
477 2658 1
687 2683 1
611 2050 1
638 2045 1
484 642 1
60 562 1
776 2088 1
1223 1422 1
343 1577 1
1690 1736 1
502 567 1
378 2583 1
1148 1355 1
902 964 1
749 2485 1
1140 1311 1
1885 1886 1
136 1259 1
219 402 1
1108 1507 1
876 1006 1
1977 2318 1
2517 2533 1
57 1459 1
1116 1593 1
0 14 1
2273 2360 1
344 1312 1
453 1566 1
764 1311 1
486 2276 1
523 1214 1
156 236 1
247 1261 1
1839 2688 1
1037 1470 1
360 698 1
1073 1112 1
560 1375 1
1986 2338 1
430 634 1
2037 2151 1
1936 1943 1
62 2425 1
378 2290 1
2596 2669 1
1114 1117 1
2000 2115 1
1896 2393 1
878 1472 1
655 747 1
453 706 1
1582 1909 1
1335 1607 1
70 1986 1
2247 2263 1
1042 1435 1
34 565 1
1061 1578 1
1300 1342 1
867 1493 1
407 1875 1
1775 1793 1
256 634 1
299 746 1
1136 1740 1
340 529 1
1109 1570 1
80 2044 1
427 2024 1
1135 1444 1
368 747 1
83 294 1
883 1665 1
91 745 1
965 1253 1
804 1697 1
1348 1537 1
790 1234 1
1459 2404 1
1823 2487 1
276 467 1
1958 2220 1
446 552 1
931 1463 1
294 554 1
2133 2199 1
1679 1726 1
1862 1964 1
163 1792 1
427 1766 1
1236 1669 1
1408 1931 1
177 1489 1
465 523 1
1272 1604 1
109 488 1
812 814 1
294 566 1
1110 1728 1
658 1577 1
2008 2022 1
380 1737 1
342 495 1
894 1255 1
1831 1836 1
1020 1329 1
1584 1626 1
569 1712 1
1274 1303 1
740 1683 1
1281 1346 1
821 1421 1
566 699 1
263 2421 1
565 1975 1
995 1690 1
163 1070 1
1119 2405 1
740 1559 1
375 836 1
1071 1498 1
2015 2327 1
1425 1550 1
1448 1621 1
290 1839 1
415 1737 1
1775 2082 1
814 1321 1
910 1673 1
357 2089 1
2269 2277 1
351 730 1
293 576 1
1366 2373 1
82 239 1
2155 2467 1
2030 2131 1
104 771 1
1893 1895 1
407 1298 1
635 683 1
995 2139 1
1014 1056 1
866 890 1
1034 1730 1
795 865 1
427 1284 1
191 395 1
174 2409 1
934 1009 1
426 836 1
308 1456 1
1462 1657 1
879 979 1
214 587 1
1777 2064 1
821 1389 1
1006 1025 1
1862 1863 1
28 1606 1
1911 2087 1
129 2165 1
2237 2274 1
163 942 1
1112 1618 1
2166 2167 1
552 636 1
1754 1867 1
818 1212 1
672 2004 1
1312 1622 1
1534 1597 1
112 747 1
970 974 1
1577 1580 1
206 1042 1
1041 1321 1
1699 2656 1
992 1354 1
1940 2220 1
2268 2275 1
438 692 1
2046 2107 1
42 163 1
85 425 1
523 2642 1
462 2582 1
1674 1680 1
2486 2586 1
2329 2589 1
1228 1687 1
611 1668 1
327 1899 1
31 250 1
192 705 1
1557 1649 1
1004 1343 1
717 2502 1
255 421 1
891 1437 1
2275 2445 1
510 519 1
2264 2519 1
956 1178 1
611 2540 1
314 1596 1
102 404 1
1581 1711 1
2040 2360 1
748 1941 1
391 427 1
20 267 1
1102 1413 1
520 524 1
574 672 1
788 2425 1
1268 2419 1
552 688 1
1401 1554 1
922 923 1
1774 2619 1
1580 1625 1
70 931 1
1256 1644 1
839 874 1
2440 2543 1
579 696 1
1800 1994 1
163 606 1
521 638 1
1588 2334 1
109 778 1
1198 1683 1
633 1459 1
217 2355 1
14 400 1
638 1468 1
1220 1484 1
228 259 1
1164 1626 1
365 2572 1
849 1720 1
1272 1346 1
264 635 1
121 1825 1
1875 2553 1
1459 2078 1
634 686 1
611 1488 1
1969 2051 1
682 1791 1
1668 2378 1
1784 2688 1
204 1645 1
2188 2189 1
166 457 1
503 1851 1
738 1183 1
1178 1362 1
49 643 1
2030 2659 1
611 864 1
502 747 1
1234 1510 1
84 998 1
877 1010 1
865 932 1
548 552 1
304 1461 1
884 1658 1
163 2200 1
37 563 1
136 479 1
1515 1711 1
1237 1457 1
985 2038 1
889 2153 1
88 587 1
1952 2029 1
671 1459 1
672 2360 1
1611 1305 0
2255 2322 0
1442 1493 0
384 1053 0
2612 1362 0
37 1586 0
1523 1004 0
1991 1027 0
1529 659 0
2511 2619 0
2626 827 0
410 1558 0
1205 658 0
2090 204 0
1734 129 0
493 772 0
68 2560 0
110 48 0
2563 1805 0
2569 1427 0
653 2506 0
1111 2330 0
2596 596 0
2486 1267 0
219 73 0
121 751 0
1316 1884 0
1362 425 0
2397 2452 0
919 1183 0
726 1943 0
1138 575 0
2549 566 0
2290 1540 0
661 1673 0
640 404 0
579 1698 0
1662 725 0
1392 276 0
2056 2086 0
328 1176 0
2695 199 0
1643 924 0
830 463 0
210 605 0
898 846 0
2679 2064 0
350 290 0
1595 12 0
1356 970 0
1854 96 0
1792 126 0
176 1664 0
1546 1375 0
1489 446 0
938 1029 0
193 2511 0
270 18 0
1312 2213 0
1539 1571 0
2033 2312 0
2219 1627 0
1260 1575 0
961 1460 0
1076 1193 0
2582 4 0
407 2344 0
2282 760 0
1244 23 0
817 70 0
835 489 0
234 1080 0
1729 1095 0
1334 433 0
401 734 0
131 1905 0
1923 2632 0
858 2451 0
1156 1063 0
2559 1086 0
1070 403 0
2597 996 0
359 623 0
170 1986 0
1114 691 0
2136 153 0
1528 793 0
538 897 0
1441 2359 0
1637 1287 0
2476 995 0
1716 76 0
2343 1006 0
2285 1979 0
1275 1839 0
4 72 0
597 1825 0
1008 911 0
575 270 0
993 682 0
2061 30 0
2463 67 0
2508 1131 0
691 999 0
104 2037 0
867 1072 0
11 572 0
1606 2243 0
1921 262 0
778 1416 0
2525 666 0
1761 1182 0
347 2139 0
2244 2570 0
1754 192 0
2583 206 0
1463 1701 0
1745 1728 0
602 1288 0
2193 832 0
994 1381 0
707 1651 0
1775 1601 0
351 2603 0
2234 10 0
1265 2592 0
1236 2682 0
26 813 0
1023 286 0
127 1792 0
2199 1803 0
2520 2245 0
1078 2149 0
476 197 0
1717 2429 0
284 1890 0
1721 1487 0
397 571 0
723 1459 0
1196 213 0
519 1042 0
2426 1350 0
1050 1093 0
945 2420 0
634 2021 0
982 699 0
460 1274 0
2189 2274 0
1420 1400 0
742 2200 0
1931 738 0
320 1775 0
96 2459 0
729 2056 0
2542 1740 0
610 259 0
2050 434 0
2481 532 0
89 143 0
1358 1737 0
2084 305 0
2686 2626 0
560 607 0
881 1896 0
1673 1387 0
1868 2662 0
1478 2299 0
833 1463 0
66 1945 0
457 1173 0
847 140 0
2474 1155 0
199 355 0
499 1705 0
213 210 0
566 2327 0
1035 1674 0
1058 376 0
1300 660 0
2110 1937 0
2447 553 0
1924 1076 0
178 1253 0
2213 1036 0
446 1013 0
1350 2661 0
2091 432 0
2603 824 0
2266 625 0
1679 953 0
155 2437 0
2545 110 0
1047 2683 0
20 97 0
1447 1299 0
771 1222 0
2337 1342 0
2269 215 0
781 1313 0
2689 1733 0
2315 85 0
1283 557 0
776 2616 0
1506 1759 0
1396 39 0
1245 2233 0
877 439 0
2077 866 0
1714 2146 0
1258 1745 0
876 1001 0
1211 2405 0
1582 585 0
1012 1240 0
1870 1258 0
0 1123 0
1864 1545 0
2572 1377 0
2203 775 0
2305 1273 0
140 831 0
1575 1062 0
2391 714 0
303 2426 0
1680 265 0
2007 624 0
1859 1497 0
1877 56 0
1622 1243 0
2605 762 0
1580 527 0
433 180 0
1067 1420 0
1102 174 0
542 1469 0
605 1102 0
1937 1107 0
2171 781 0
623 2496 0
904 1534 0
426 1629 0
2645 788 0
2218 2571 0
823 2572 0
1845 1635 0
490 2597 0
839 1855 0
2151 371 0
621 2372 0
1505 1146 0
866 1228 0
1238 291 0
456 2216 0
2421 767 0
573 2058 0
2155 742 0
1839 1816 0
1354 679 0
1593 986 0
462 743 0
2045 1704 0
1992 2193 0
875 280 0
2257 2011 0
1242 998 0
2133 1111 0
2271 378 0
2325 2533 0
1715 2104 0
583 1019 0
45 287 0
1224 2024 0
558 181 0
2396 2411 0
2609 1402 0
1981 2167 0
1836 2635 0
1193 1927 0
2000 2409 0
2340 510 0
1148 1590 0
352 219 0
500 1838 0
1110 2636 0
1934 2568 0
1068 2295 0
1683 1918 0
1373 2425 0
1995 80 0
1440 2126 0
1709 1647 0
969 2569 0
2642 1531 0
1025 2694 0
840 142 0
211 1982 0
541 1748 0
1159 2211 0
64 1642 0
196 1249 0
767 1666 0
1313 1870 0
1309 1862 0
63 2607 0
1128 2653 0
2413 2637 0
1272 1245 0
1239 1734 0
2043 232 0
220 388 0
1883 1619 0
1387 1390 0
1452 778 0
169 347 0
181 1623 0
1212 178 0
2242 99 0
1105 2122 0
865 1788 0
2004 339 0
709 1928 0
1131 1276 0
891 382 0
2104 948 0
2177 384 0
1899 1255 0
703 2131 0
722 1547 0
425 898 0
2564 2419 0
518 1113 0
1254 731 0
537 109 0
1307 462 0
1863 1638 0
1779 1923 0
921 1242 0
565 1544 0
1600 31 0
1014 1331 0
996 1713 0
2375 2294 0
1298 252 0
673 202 0
1814 1820 0
1458 706 0
2089 2479 0
1855 2564 0
837 1726 0
2037 310 0
395 894 0
18 1277 0
2591 2398 0
1321 2313 0
1027 277 0
502 1570 0
238 1718 0
1794 954 0
2095 108 0
2629 88 0
84 2380 0
156 2136 0
2229 950 0
1375 1066 0
1712 2247 0
1771 2549 0
658 657 0
1269 1281 0
1080 320 0
223 2323 0
1867 1834 0
916 1065 0
42 1968 0
849 987 0
2122 1717 0
2057 1471 0
143 869 0
1390 1488 0
1773 664 0
669 841 0
1204 559 0
1554 1537 0
2571 736 0
2220 1250 0
1388 1251 0
2195 2680 0
399 1345 0
1123 176 0
868 2510 0
483 1977 0
1096 243 0
2378 1224 0
53 372 0
1555 1644 0
52 1160 0
888 643 0
1588 2583 0
1051 521 0
1355 548 0
680 268 0
1684 696 0
1072 822 0
1699 2298 0
2672 2512 0
1117 1112 0
2249 189 0
944 791 0
2664 365 0
1377 1312 0
731 319 0
873 2438 0
134 1909 0
313 2480 0
2653 1393 0
403 1164 0
380 1747 0
339 424 0
1198 503 0
285 508 0
1946 1185 0
2034 1429 0
1636 2284 0
481 1595 0
1687 255 0
1823 1577 0
1891 1082 0
1118 154 0
836 2553 0
2298 1980 0
1041 2422 0
2299 2305 0
2683 2389 0
2040 64 0
2546 1212 0
1769 2038 0
1490 810 0
671 46 0
1518 1184 0
1378 2346 0
1635 1074 0
523 932 0
2206 358 0
956 1380 0
2108 2345 0
2681 1126 0
1671 925 0
1335 1500 0
46 1002 0
564 1153 0
967 274 0
785 2296 0
1570 1512 0
708 1565 0
2366 1694 0
925 2118 0
698 1297 0
44 2609 0
1975 768 0
2558 1020 0
31 857 0
488 1437 0
1481 1172 0
1884 1827 0
890 90 0
2440 159 0
1084 1660 0
1724 1687 0
1233 13 0
2376 730 0
2507 684 0
486 921 0
322 37 0
1858 2257 0
508 496 0
1748 2666 0
2530 1667 0
1288 1553 0
2505 1003 0
690 1023 0
2202 2325 0
2590 2220 0
1345 2634 0
1324 1216 0
827 257 0
1172 1456 0
2539 2273 0
1154 1348 0
2356 2595 0
804 2412 0
2439 429 0
1207 186 0
21 406 0
503 1165 0
574 342 0
2092 1532 0
2691 1124 0
466 2050 0
345 2478 0
1119 2338 0
1409 466 0
2295 2394 0
1690 2107 0
2561 2215 0
2204 613 0
2274 354 0
2131 1907 0
1009 1958 0
2322 1101 0
2086 937 0
1869 673 0
2183 444 0
1253 634 0
973 930 0
878 811 0
295 2366 0
43 1636 0
2313 1872 0
2330 1366 0
591 1468 0
1656 1171 0
185 1448 0
235 712 0
1024 312 0
751 914 0
2411 1725 0
1982 217 0
825 2453 0
1619 2418 0
1380 55 0
1645 2514 0
536 21 0
1689 1681 0
1496 1991 0
204 2582 0
2446 1084 0
1421 569 0
1261 138 0
337 650 0
430 323 0
1135 321 0
1852 905 0
1237 785 0
2660 194 0
452 1398 0
1383 1205 0
1393 1423 0
323 1915 0
2675 627 0
1964 2015 0
946 518 0
1994 629 0
2533 1766 0
1844 293 0
2393 2499 0
2669 1773 0
2097 340 0
2028 1248 0
530 1662 0
2345 2255 0
1043 505 0
2175 885 0
1925 552 0
2053 2291 0
940 26 0
2261 1449 0
1202 773 0
612 1378 0
422 33 0
965 1564 0
13 427 0
727 59 0
2230 1549 0
1676 472 0
1860 1824 0
2293 1656 0
1184 1236 0
2263 86 0
548 2614 0
1042 2657 0
2360 1509 0
141 581 0
1385 2133 0
2335 513 0
442 1336 0
1651 692 0
1973 177 0
1927 2066 0
247 1191 0
662 1478 0
917 1106 0
2038 2444 0
768 106 0
2627 946 0
1565 1167 0
1460 1069 0
2262 1432 0
2637 1622 0
2221 1061 0
1933 1797 0
1719 2423 0
267 2151 0
1740 1203 0
2062 2318 0
1125 1535 0
1959 833 0
770 2518 0
1825 1844 0
2352 1495 0
922 2586 0
1626 2401 0
582 336 0
2667 1784 0
1639 1204 0
2178 2293 0
377 920 0
158 632 0
774 237 0
355 460 0
128 2089 0
1264 1809 0
1079 1876 0
1791 2615 0
365 1092 0
2575 875 0
976 967 0
1328 2290 0
1512 1706 0
82 234 0
2537 2106 0
2201 2645 0
1412 1284 0
183 1045 0
10 477 0
831 1293 0
400 1661 0
463 392 0
705 2520 0
667 509 0
1036 1787 0
194 593 0
379 52 0
871 740 0
1098 606 0
385 801 0
1966 1230 0
1082 1119 0
2334 2538 0
942 254 0
818 1108 0
343 592 0
1267 1418 0
664 1268 0
1665 940 0
902 149 0
815 137 0
2248 1306 0
1537 445 0
34 2270 0
809 2097 0
1576 459 0
326 2604 0
524 2455 0
1030 798 0
14 709 0
1888 2042 0
2354 1115 0
2453 2275 0
98 349 0
1064 1361 0
926 1800 0
2192 668 0
389 117 0
672 2251 0
2410 1854 0
1913 1831 0
2328 1425 0
60 615 0
2190 2202 0
2132 407 0
1668 421 0
1106 2269 0
1228 2391 0
173 2508 0
2425 726 0
497 1196 0
590 2157 0
764 1180 0
2444 2685 0
2080 45 0
2532 1628 0
1352 1298 0
2678 1431 0
2182 2165 0
1816 1486 0
2008 2191 0
1031 890 0
2196 1040 0
1694 2178 0
2318 1017 0
1741 364 0
1509 1777 0
300 467 0
812 979 0
29 2467 0
1241 926 0
1685 2543 0
899 651 0
1862 2356 0
588 1729 0
1465 1337 0
746 266 0
2227 1430 0
1943 136 0
2332 1950 0
601 538 0
489 486 0
2176 1282 0
1038 1024 0
1706 289 0
553 1202 0
2228 887 0
207 1793 0
2169 517 0
75 1994 0
1477 1888 0
1485 1665 0
885 1475 0
829 2679 0
1227 2534 0
1607 2223 0
682 357 0
820 133 0
119 803 0
1336 1527 0
392 584 0
1573 2424 0
2320 60 0
1747 883 0
884 57 0
161 2458 0
24 1987 0
1647 2030 0
2268 1147 0
613 865 0
992 550 0
145 1764 0
1343 1922 0
62 2476 0
404 1697 0
1700 2537 0
577 707 0
1524 1392 0
1820 22 0
1414 2700 0
1640 1758 0
1301 1739 0
1910 1351 0
1405 2320 0
186 1221 0
629 2489 0
1698 610 0
1007 1490 0
1629 91 0
1669 771 0
716 1671 0
1623 1860 0
1063 1241 0
1534 1993 0
663 2584 0
826 148 0
1697 2221 0
1552 2301 0
65 2201 0
684 1034 0
1498 120 0
2237 2199 0
2012 1328 0
943 2598 0
1310 2600 0
1234 1244 0
687 1455 0
517 389 0
2321 1632 0
718 687 0
864 558 0
1402 104 0
2289 2029 0
1132 1611 0
2450 591 0
2312 507 0
2499 2175 0
1621 1358 0
1015 602 0
930 554 0
1758 686 0
643 1078 0
2149 1343 0
1556 560 0
103 1941 0
276 1811 0
1418 2214 0
412 2415 0
2495 1012 0
1737 541 0
1988 1823 0
495 239 0
205 2341 0
2300 341 0
2011 441 0
2420 492 0
453 1442 0
763 2244 0
468 2342 0
1805 2440 0
2643 1806 0
1107 630 0
581 1000 0
2579 2696 0
280 2239 0
856 1516 0
85 2057 0
1062 1859 0
1028 84 0
200 1679 0
1678 223 0
202 1897 0
2548 2242 0
1277 1935 0
686 2590 0
57 1546 0
732 1582 0
421 2035 0
2424 539 0
2557 965 0
2327 1871 0
2362 2461 0
215 703 0
1928 465 0
557 1776 0
310 1064 0
1532 322 0
2161 1529 0
1164 2115 0
1037 418 0
1002 917 0
1500 385 0
1167 755 0
2461 1921 0
966 1178 0
521 1900 0
1620 1238 0
1116 318 0
730 2524 0
1157 156 0
1191 1867 0
321 718 0
256 1215 0
1386 2074 0
745 2701 0
230 2536 0
2150 377 0
666 430 0
2197 1141 0
675 1210 0
983 2579 0
1809 1270 0
1905 294 0
1604 116 0
114 520 0
1257 972 0
1410 2054 0
535 93 0
1337 1068 0
444 1134 0
107 888 0
1811 974 0
2455 753 0
1044 1096 0
341 933 0
633 1971 0
2374 1060 0
324 645 0
1508 201 0
1955 54 0
1559 456 0
289 2095 0
306 816 0
1688 1428 0
1417 127 0
2489 275 0
699 453 0
217 16 0
872 1037 0
30 1502 0
264 564 0
1171 1720 0
95 1109 0
1366 2558 0
291 263 0
576 2667 0
1602 328 0
2648 1539 0
1790 931 0
2552 1307 0
1628 2487 0
1659 6 0
1422 2321 0
133 662 0
232 1707 0
190 2399 0
1305 345 0
2685 2567 0
1163 2235 0
1915 2517 0
56 2231 0
1065 414 0
1488 2098 0
2128 835 0
2085 542 0
1473 1552 0
2658 2051 0
1374 327 0
1160 264 0
854 1028 0
227 1721 0
1221 420 0
2422 395 0
880 2045 0
2551 776 0
274 1329 0
1608 895 0
1625 2484 0
146 1975 0
159 1125 0
2635 1256 0
286 2009 0
2019 1491 0
293 248 0
1516 1315 0
1707 795 0
2296 735 0
822 843 0
1034 1955 0
1479 1774 0
184 335 0
1108 546 0
1987 642 0
1540 495 0
1339 1128 0
819 1967 0
459 2248 0
2586 1081 0
1186 1404 0
1231 1931 0
113 576 0
1618 2475 0
761 2171 0
2600 2334 0
681 1417 0
1389 577 0
2502 1782 0
1521 649 0
2534 1479 0
920 1962 0
1140 2707 0
894 166 0
1248 980 0
1208 1842 0
1173 1275 0
2054 2003 0
1900 1973 0
1822 681 0
772 324 0
1667 853 0
1010 2128 0
2247 549 0
2308 2639 0
1603 1174 0
106 2224 0
832 874 0
1329 959 0
551 2507 0
1281 1712 0
1904 500 0
1190 1501 0
2484 1592 0
1967 1573 0
1219 399 0
1399 919 0
954 2431 0
1344 1688 0
245 2135 0
769 2445 0
2480 491 0
563 1507 0
1942 2591 0
747 1484 0
2465 1868 0
163 2535 0
112 568 0
49 1121 0
1491 1159 0
695 1211 0
1404 927 0
439 2091 0
1046 565 0
998 2198 0
2164 457 0
1549 1452 0
2236 1741 0
126 87 0
1819 2546 0
1086 297 0
2239 1990 0
2026 451 0
1918 1643 0
2311 1885 0
1581 2505 0
1725 1952 0
208 306 0
335 900 0
759 62 0
1922 1177 0
371 2396 0
1881 1237 0
25 945 0
679 107 0
2519 1496 0
1800 2276 0
514 488 0
2482 892 0
2598 360 0
41 1510 0
2075 2173 0
409 1893 0
1049 1875 0
2273 2674 0
1127 1007 0
796 1324 0
1731 485 0
2148 1584 0
2604 1815 0
744 663 0
787 600 0
1990 2448 0
1263 574 0
76 2540 0
544 563 0
1727 1151 0
1535 2316 0
2286 218 0
427 1056 0
665 2238 0
598 19 0
2270 1373 0
229 1333 0
358 2332 0
1180 1845 0
801 2137 0
108 244 0
1787 983 0
2535 1465 0
225 722 0
1016 1311 0
2279 131 0
55 818 0
2167 2209 0
2473 744 0
1971 167 0
939 1832 0
1143 799 0
87 1046 0
1633 171 0
2198 1208 0
714 2677 0
149 2162 0
1326 2218 0
333 1344 0
683 112 0
243 190 0
70 44 0
411 759 0
803 36 0
1591 2378 0
282 366 0
102 1138 0
80 163 0
895 193 0
624 2698 0
2458 1851 0
1296 184 0
2570 1933 0
2373 41 0
2238 804 0
136 161 0
568 1447 0
1784 1444 0
148 307 0
738 2262 0
1081 2563 0
92 872 0
2560 746 0
1871 2285 0
1083 168 0
1503 238 0
1146 2691 0
1739 2617 0
2578 858 0
1004 1035 0
625 2502 0
2355 934 0
166 1364 0
900 611 0
1530 75 0
596 2319 0
1469 1969 0
2015 1412 0
1094 203 0
1876 796 0
1255 1780 0
1183 28 0
254 1719 0
706 1326 0
2701 1323 0
1214 2085 0
704 2232 0
1986 2280 0
318 1025 0
1502 2556 0
6 1947 0
2123 2032 0
2607 1376 0
897 1050 0
1795 1895 0
1692 303 0
539 774 0
2294 1804 0
550 1231 0
1282 1192 0
617 1588 0
1979 83 0
1299 1296 0
2428 590 0
1472 2282 0
689 2117 0
1126 20 0
349 1301 0
2677 535 0
258 1252 0
559 2483 0
753 2197 0
1429 1010 0
1586 105 0
2427 1318 0
2194 1826 0
1812 2676 0
1462 1634 0
2146 1600 0
2680 1504 0
1141 250 0
960 716 0
1531 78 0
549 1014 0
784 1411 0
1646 2519 0
2527 1984 0
1099 993 0
734 1536 0
1720 2577 0
2363 240 0
2431 2001 0
2682 1751 0
2574 1389 0
2231 298 0
1778 519 0
1751 2065 0
1889 1992 0
2074 1569 0
248 2363 0
1178 1583 0
1661 1370 0
2368 1415 0
277 188 0
1182 573 0
1954 1117 0
1632 708 0
2135 368 0
418 1566 0
1903 562 0
2504 1259 0
735 2443 0
2241 698 0
1909 2649 0
2399 994 0
2697 169 0
929 2206 0
2385 2375 0
995 242 0
1376 1640 0
2479 2046 0
507 1581 0
2214 1696 0
786 1730 0
67 749 0
505 2075 0
2703 337 0
197 826 0
2437 2329 0
1468 1214 0
1736 1633 0
50 1016 0
1061 2172 0
1372 1657 0
2409 1596 0
168 1260 0
1649 840 0
791 1796 0
931 556 0
2646 939 0
1276 95 0
668 2605 0
2540 2083 0
2046 502 0
1232 207 0
1370 717 0
2521 745 0
821 1408 0
1250 1223 0
1398 1693 0
1149 819 0
657 1625 0
218 214 0
1930 1554 0
1735 1130 0
642 2498 0
1017 2627 0
740 640 0
2676 2376 0
2661 2352 0
1838 1686 0
16 837 0
438 2148 0
259 160 0
841 583 0
1348 1683 0
1974 864 0
2456 1457 0
1122 727 0
441 2428 0
263 2529 0
710 15 0
91 620 0
2252 1608 0
1256 435 0
2200 2309 0
1527 2092 0
23 367 0
1069 1018 0
1273 1904 0
1504 1995 0
1130 523 0
2030 1924 0
2443 27 0
2617 854 0
1666 525 0
1451 880 0
2429 1136 0
911 2654 0
935 1578 0
948 2703 0
824 1334 0
375 1637 0
2018 313 0
1762 2234 0
1797 2337 0
1075 412 0
1818 220 0
2536 2077 0
1696 537 0
33 410 0
694 24 0
2562 2225 0
1297 438 0
2392 834 0
1553 2140 0
260 448 0
383 2279 0
1090 667 0
2338 2031 0
2243 529 0
910 763 0
2573 2548 0
1493 1680 0
1124 394 0
756 2177 0
1896 1163 0
800 2152 0
555 2110 0
1308 501 0
2467 483 0
2064 1881 0
2687 2439 0
2068 1906 0
1564 944 0
991 1735 0
1115 449 0
862 2229 0
2515 351 0
914 343 0
1902 49 0
1886 2237 0
717 1154 0
927 2264 0
1597 951 0
906 902 0
1495 381 0
1464 2121 0
480 579 0
305 145 0
2419 1413 0
1592 2628 0
1270 2706 0
2359 1533 0
2529 973 0
1980 769 0
2659 2300 0
73 1143 0
572 401 0
2118 1639 0
2005 1963 0
980 839 0
2618 1088 0
1347 1399 0
1947 2044 0
2021 1188 0
2042 100 0
981 1959 0
1774 1938 0
361 2573 0
1525 2156 0
869 2194 0
2098 1525 0
1174 878 0
1701 1440 0
1195 2678 0
2628 282 0
656 2002 0
584 1015 0
1213 416 0
2211 1156 0
1547 770 0
1284 675 0
1357 2664 0
1032 2687 0
1617 1883 0
1318 1435 0
793 2525 0
2222 1207 0
1958 1462 0
1545 2618 0
1206 1981 0
2191 815 0
1853 2307 0
1074 2504 0
692 2166 0
1109 2222 0
240 1320 0
2649 2203 0
182 2369 0
1188 2266 0
1020 422 0
1660 616 0
567 1044 0
1875 2670 0
381 1321 0
1353 929 0
2416 891 0
2052 1522 0
1627 1372 0
464 2642 0
2013 1877 0
2538 1555 0
1907 2268 0
124 654 0
1066 1711 0
1092 2335 0
2137 2328 0
367 1930 0
2415 170 0
1165 225 0
879 536 0
1834 1557 0
2329 2695 0
445 1234 0
2438 295 0
364 2686 0
2577 499 0
1789 1227 0
755 582 0
2663 587 0
1011 92 0
1641 1568 0
301 419 0
2509 1925 0
228 1220 0
2130 2073 0
907 807 0
117 2012 0
1497 2261 0
1320 2658 0
1577 1668 0
2014 409 0
743 1269 0
1331 2008 0
340 157 0
2127 195 0
54 1649 0
2072 1043 0
1432 1819 0
989 2181 0
2140 661 0
1101 705 0
368 2377 0
1968 1853 0
72 808 0
750 228 0
1770 1057 0
1203 2613 0
1826 1604 0
2674 2659 0
1550 729 0
1166 121 0
1815 2000 0
1562 2397 0
934 555 0
853 356 0
177 1206 0
1890 1461 0
1019 1789 0
1475 2574 0
59 626 0
630 2082 0
420 2561 0
1088 1135 0
1364 2249 0
1793 710 0
1492 415 0
231 2317 0
972 2004 0
1351 2040 0
1766 861 0
382 821 0
1445 656 0
748 2447 0
1179 2392 0
2323 1708 0
38 680 0
252 1300 0
1558 1942 0
843 1363 0
811 1524 0
1962 899 0
1216 281 0
527 823 0
1436 2034 0
1455 748 0
654 1161 0
1510 1836 0
1557 1658 0
434 1365 0
2302 2660 0
2275 1772 0
15 1292 0
478 1038 0
924 1556 0
1515 0 0
620 830 0
2088 1911 0
635 2509 0
1342 2589 0
645 889 0
58 1071 0
386 1762 0
2706 669 0
142 2416 0
2381 1118 0
2402 1283 0
1693 304 0
2139 1910 0
2251 1714 0
1803 1310 0
2518 1383 0
378 1783 0
814 1974 0
1215 479 0
2165 757 0
226 2656 0
650 333 0
1057 2576 0
99 1122 0
1192 2212 0
1425 1898 0
2580 1631 0
2470 847 0
2002 1580 0
308 612 0
93 2005 0
485 1503 0
525 1499 0
5 991 0
2115 2228 0
1911 2190 0
2654 1099 0
344 1149 0
428 622 0
950 938 0
608 1410 0
571 288 0
1999 2414 0
2475 594 0
2317 1886 0
1428 1335 0
2369 1421 0
561 1603 0
2478 2161 0
834 1645 0
2657 2624 0
1470 1047 0
1780 296 0
1730 380 0
1243 2465 0
1936 2562 0
189 2385 0
725 50 0
562 383 0
2078 694 0
788 2474 0
1249 544 0
2524 1778 0
1708 1114 0
2613 1073 0
2235 1818 0
171 43 0
622 235 0
1776 208 0
2512 1620 0
974 1902 0
314 1562 0
1897 1770 0
249 2226 0
513 423 0
405 851 0
1401 638 0
416 1009 0
2307 1858 0
1940 9 0
296 283 0
336 966 0
2491 65 0
195 790 0
626 672 0
2630 636 0
2698 2559 0
167 530 0
1544 2427 0
435 2681 0
987 695 0
250 1058 0
36 1790 0
448 2062 0
2087 1374 0
203 1290 0
1567 344 0
2174 2532 0
736 2289 0
593 1198 0
715 1308 0
307 2648 0
2370 98 0
216 1689 0
39 1116 0
2418 1257 0
874 173 0
180 922 0
2624 1355 0
2656 2362 0
1323 2123 0
1590 1110 0
546 1678 0
660 1513 0
1796 89 0
655 653 0
999 2430 0
1711 2473 0
719 1621 0
1885 397 0
529 1964 0
953 71 0
2517 598 0
2022 74 0
2153 514 0
1411 1889 0
2001 1771 0
302 2552 0
1073 2515 0
2662 302 0
1311 1506 0
1379 53 0
1893 2521 0
9 411 0
1287 1563 0
1018 871 0
90 1864 0
2707 256 0
391 2580 0
244 786 0
1507 350 0
2031 689 0
600 601 0
1426 1483 0
1932 551 0
2589 1166 0
990 981 0
2694 226 0
265 688 0
1568 1414 0
1457 877 0
1777 1756 0
1804 814 0
362 1354 0
356 1769 0
808 923 0
1040 2491 0
1634 2271 0
1444 719 0
2048 2219 0
918 1346 0
86 2340 0
157 231 0
354 2368 0
2215 2689 0
2003 2169 0
1615 1732 0
484 375 0
1965 633 0
641 1219 0
2073 1129 0
2593 1913 0
19 2019 0
2412 1690 0
951 1988 0
1121 2669 0
1169 1936 0
520 229 0
487 2482 0
2166 493 0
1483 2241 0
1315 1498 0
979 2360 0
688 1409 0
816 128 0
937 1852 0
2226 1754 0
1045 1481 0
2156 1263 0
2636 715 0
2616 909 0
2442 779 0
2498 103 0
2639 1738 0
1423 2033 0
532 989 0
1895 299 0
201 476 0
1520 2697 0
1569 2646 0
1487 66 0
1682 1891 0
570 1685 0
2567 58 0
2276 820 0
2401 1560 0
7 2343 0
288 1966 0
1953 182 0
2389 2481 0
2496 943 0
1471 1132 0
1501 1473 0
251 2236 0
71 2061 0
760 2381 0
120 2672 0
255 247 0
1578 1148 0
607 1470 0
933 1591 0
237 2250 0
700 1530 0
1176 1954 0
1274 2080 0
154 1684 0
1152 1669 0
1252 2048 0
2291 1401 0
2216 2170 0
414 141 0
569 2302 0
1222 458 0
2394 764 0
1513 524 0
986 968 0
798 2026 0
1533 2174 0
451 1142 0
975 1659 0
2117 1675 0
810 1810 0
1756 1724 0
1985 2072 0
281 216 0
2208 665 0
304 34 0
1363 1812 0
2044 1438 0
1898 1453 0
790 655 0
1772 849 0
1430 976 0
1189 700 0
423 1186 0
1631 825 0
2483 1157 0
1112 1385 0
799 1932 0
592 1103 0
1658 2263 0
1161 723 0
1113 1433 0
2060 2404 0
2493 2188 0
2051 2355 0
962 2456 0
1210 1239 0
48 1405 0
1596 1049 0
509 2374 0
458 2176 0
1053 1264 0
492 200 0
78 285 0
636 1067 0
1642 2578 0
2245 1576 0
266 2393 0
1449 8 0
2688 1246 0
1103 850 0
2414 1682 0
1726 1140 0
619 580 0
1657 2053 0
2585 1218 0
2592 1528 0
419 1799 0
1461 2132 0
2024 1169 0
1333 2663 0
372 2183 0
2106 314 0
2341 1152 0
1584 42 0
2058 426 0
887 2630 0
2284 251 0
2344 1822 0
1952 267 0
1456 2593 0
2082 2116 0
757 949 0
2404 2315 0
360 236 0
1908 2463 0
2510 11 0
275 1477 0
342 800 0
2225 1352 0
1251 1451 0
578 884 0
1664 1606 0
1453 2130 0
2170 1232 0
1835 487 0
467 2014 0
1759 2090 0
1303 1489 0
2487 784 0
882 447 0
153 2485 0
1674 391 0
214 1791 0
1134 1382 0
312 990 0
2423 2402 0
294 205 0
2116 676 0
713 1388 0
1147 2088 0
2188 191 0
1346 260 0
2372 1079 0
587 1946 0
1001 1422 0
883 2111 0
1782 2542 0
2595 245 0
1293 2192 0
616 985 0
552 2022 0
2280 876 0
129 2196 0
1851 2486 0
298 1618 0
1672 1626 0
2500 570 0
2181 2195 0
889 1492 0
2259 848 0
2553 567 0
2610 881 0
2250 1779 0
1984 942 0
388 1075 0
693 1676 0
366 29 0
2459 452 0
1427 2612 0
2076 1070 0
1906 196 0
1306 2596 0
1638 1794 0
766 2373 0
905 1379 0
1290 146 0
472 1105 0
1381 1727 0
1571 113 0
2430 352 0
2083 1879 0
2445 211 0
2700 1347 0
290 2141 0
749 1233 0
2615 2068 0
649 1736 0
2666 1272 0
659 1716 0
2380 935 0
239 1094 0
1832 1518 0
2516 1857 0
2036 829 0
1431 2153 0
651 38 0
779 1261 0
2614 750 0
357 135 0
1718 1835 0
236 1508 0
116 1445 0
2309 683 0
1259 227 0
1382 1899 0
1563 185 0
1733 5 0
2647 402 0
851 578 0
1945 2230 0
1151 2043 0
606 617 0
97 63 0
268 1195 0
1071 761 0
2111 1985 0
2506 405 0
1757 1008 0
174 907 0
2565 1597 0
1285 2007 0
1810 1011 0
1806 155 0
1136 867 0
1029 879 0
1361 362 0
100 2647 0
206 1031 0
861 301 0
2032 608 0
8 789 0
83 1551 0
2121 1265 0
2584 621 0
789 2076 0
28 817 0
1551 756 0
928 387 0
2157 1795 0
554 158 0
1268 732 0
2451 2610 0
1365 2150 0
632 1587 0
1879 812 0
1938 2028 0
2485 1940 0
454 1303 0
327 2259 0
2172 2442 0
192 2277 0
2141 766 0
1601 2370 0
2543 1699 0
376 1464 0
1713 1309 0
424 2204 0
1599 1213 0
27 1316 0
1644 1189 0
1857 1709 0
105 809 0
2452 1908 0
1842 1814 0
1587 25 0
913 1254 0
1223 1869 0
2152 68 0
1728 2333 0
1799 2629 0
1583 1515 0
1484 442 0
1153 1757 0
1935 300 0
949 904 0
2035 1127 0
1675 284 0
1056 2108 0
2319 916 0
1499 359 0
1013 693 0
923 2643 0
1155 856 0
2469 2500 0
2634 230 0
257 635 0
1246 631 0
137 862 0
762 428 0
1459 326 0
1536 969 0
2209 490 0
850 2060 0
2448 2182 0
1438 1030 0
1950 1032 0
2162 2495 0
959 978 0
807 1285 0
2277 2087 0
1437 2036 0
909 386 0
1177 2545 0
1433 2557 0
2568 1672 0
447 1441 0
1448 1761 0
1218 1550 0
88 183 0
429 960 0
135 1567 0
773 1593 0
496 2527 0
2107 1041 0
1060 2551 0
2065 464 0
432 2539 0
2264 1863 0
138 480 0
1560 1617 0
932 1090 0
594 873 0
242 454 0
985 561 0
510 2688 0
970 1607 0
2301 1424 0
1872 1051 0
1129 1559 0
1963 484 0
2377 928 0
1240 1615 0
188 2575 0
1424 964 0
1220 2286 0
2690 7 0
402 641 0
846 2013 0
2066 2400 0
1095 2516 0
2405 14 0
283 1472 0
74 2164 0
319 2530 0
611 1339 0
1783 992 0
1704 1999 0
968 2585 0
1977 787 0
638 1520 0
556 2470 0
795 1436 0
676 124 0
1738 2189 0
2224 114 0
2632 913 0
262 906 0
406 1965 0
2212 597 0
2652 1934 0
712 1179 0
479 2227 0
2556 961 0
501 1190 0
1142 308 0
1686 1505 0
1969 2421 0
415 2410 0
627 1485 0
2342 868 0
631 619 0
1788 1356 0
696 497 0
1185 747 0
1416 1692 0
978 2354 0
2576 962 0
2126 2052 0
775 2469 0
2029 1521 0
1000 1083 0
160 2155 0
1093 836 0
1764 1731 0
2316 1903 0
1522 1599 0
491 918 0
109 1953 0
191 2208 0
1993 2690 0
848 478 0
1827 2652 0
615 2413 0
1415 82 0
2400 1602 0
1003 1098 0
394 1386 0
465 588 0
2514 2324 0
1292 1426 0
2233 1396 0
2223 671 0
1831 704 0
2009 468 0
22 1700 0
449 2493 0
1941 481 0
297 1646 0
1006 982 0
387 1458 0
2619 713 0
2398 975 0
1413 102 0
12 2078 0
1732 2308 0
2232 361 0
585 2450 0
857 2084 0
2333 2018 0
299 119 0
1230 379 0
2670 2311 0
2346 2446 0
1705 2252 0
1486 2565 0
892 2127 0
1681 134 0
477 1641 0
2173 258 0
1435 956 0
1566 400 0
287 249 0
2324 1353 0
1408 690 0
580 1715 0
1400 1357 0
2696 882 0
714 881 0
1125 1422 0
2363 2126 0
1503 905 0
203 1500 0
2511 1178 0
5 1198 0
472 2607 0
899 2571 0
2423 1470 0
1852 265 0
2335 389 0
1483 2345 0
213 1868 0
1176 2216 0
227 445 0
356 816 0
424 1864 0
161 1773 0
2521 1362 0
2445 753 0
375 558 0
43 1389 0
12 519 0
258 1726 0
2560 1544 0
416 1985 0
2153 2334 0
109 157 0
2552 2595 0
1352 612 0
1448 343 0
2614 1350 0
1484 1481 0
1488 2261 0
1789 108 0
509 598 0
46 237 0
680 1566 0
944 1083 0
1982 813 0
1215 1728 0
2236 638 0
2455 245 0
456 1884 0
1993 745 0
1413 1508 0
2584 2569 0
183 624 0
1736 2461 0
691 573 0
2075 691 0
850 1063 0
2083 982 0
1300 1004 0
1129 2111 0
1947 167 0
204 2538 0
155 1424 0
345 1082 0
2506 2682 0
226 299 0
1991 1073 0
1984 663 0
904 133 0
887 1463 0
2662 400 0
21 556 0
861 12 0
72 1363 0
2502 284 0
477 1207 0
684 2690 0
1119 96 0
771 1787 0
6 1277 0
883 1927 0
2354 2492 0
796 2073 0
2425 1853 0
1061 1245 0
871 235 0
2509 1805 0
1583 1313 0
1588 238 0
916 1417 0
785 2259 0
2660 1842 0
397 2590 0
1393 203 0
1922 1685 0
289 2701 0
1733 2192 0
1057 1632 0
858 1008 0
2515 1036 0
2261 1028 0
1575 1213 0
1513 861 0
429 1127 0
774 2104 0
979 2203 0
1370 1932 0
1800 391 0
1243 2280 0
2612 1093 0
491 479 0
1281 2524 0
1606 600 0
2634 1557 0
1540 1945 0
486 1871 0
2360 1826 0
1182 1118 0
1315 2176 0
1618 1174 0
688 1281 0
1903 43 0
406 1423 0
74 1580 0
2439 1549 0
1717 1312 0
2054 735 0
1191 1032 0
2543 2447 0
2649 1690 0
19 1740 0
1246 793 0
576 1950 0
2518 421 0
2520 658 0
1118 2271 0
1318 1601 0
928 1057 0
2199 2076 0
386 2245 0
1103 2237 0
1728 2420 0
2286 124 0
2426 206 0
1047 1366 0
287 458 0
219 593 0
2592 2250 0
30 1999 0
1251 1809 0
2695 853 0
350 364 0
359 1098 0
938 424 0
1928 1218 0
2241 1185 0
925 2045 0
336 2643 0
188 454 0
939 750 0
1108 616 0
84 2082 0
961 1777 0
569 2496 0
857 2502 0
510 2605 0
964 2389 0
617 1921 0
2539 517 0
1399 555 0
2458 635 0
1244 1264 0
690 1536 0
1504 1635 0
2346 931 0
704 230 0
1442 608 0
1014 926 0
52 823 0
813 2097 0
2661 1156 0
587 351 0
326 1441 0
2045 1797 0
693 1762 0
418 2442 0
668 2438 0
1522 1659 0
972 2375 0
1707 2140 0
1167 1869 0
42 1457 0
2424 991 0
192 213 0
419 972 0
260 300 0
2567 21 0
779 2137 0
778 718 0
1138 983 0
1207 2115 0
1366 110 0
2448 975 0
2463 738 0
1169 286 0
1412 2672 0
969 538 0
725 2463 0
1759 2122 0
1930 1352 0
705 1559 0
2405 435 0
2525 2162 0
2264 1042 0
2338 662 0
2221 1084 0
236 2478 0
1490 642 0
2239 319 0
1214 83 0
1195 59 0
1967 2491 0
1073 1183 0
2343 2680 0
2352 2222 0
1081 2264 0
552 1622 0
539 660 0
1179 756 0
335 2057 0
856 2584 0
980 1112 0
1469 142 0
1815 2356 0
1254 2636 0
945 1315 0
919 1724 0
2252 1222 0
1690 259 0
880 1413 0
687 1298 0
608 1852 0
1740 1782 0
817 2001 0
2574 1102 0
2115 2133 0
1293 950 0
1923 768 0
2074 341 0
2375 1220 0
1211 821 0
1713 288 0
422 275 0
2312 2626 0
836 2344 0
251 1818 0
659 1796 0
524 1113 0
1451 112 0
2080 2648 0
895 2095 0
1748 2311 0
1699 2005 0
56 321 0
729 1503 0
154 546 0
773 477 0
2021 463 0
235 1079 0
173 14 0
1373 1911 0
1357 1206 0
1990 1922 0
1313 2252 0
1252 29 0
2508 2589 0
442 1147 0
1875 700 0
458 1121 0
1428 131 0
1667 301 0
1836 8 0
2038 769 0
2534 1903 0
388 683 0
466 2130 0
2538 1000 0
1534 257 0
387 294 0
294 875 0
1112 359 0
1826 1660 0
582 30 0
2156 140 0
2181 1400 0
2637 692 0
1510 1123 0
529 251 0
107 304 0
1351 1964 0
1402 1143 0
2245 428 0
1943 1641 0
1445 1214 0
2222 2108 0
1080 80 0
1174 441 0
1672 776 0
1460 2174 0
301 68 0
297 1819 0
1525 1859 0
2011 1372 0
1041 2548 0
1570 1662 0
1885 1157 0
847 2234 0
1068 535 0
1562 1122 0
1980 2239 0
490 2539 0
2320 1230 0
1228 313 0
1273 2116 0
323 824 0
2126 1142 0
1871 1715 0
1333 23 0
665 283 0
2028 1693 0
1312 2118 0
1221 5 0
2073 976 0
1582 2483 0
602 158 0
564 2603 0
696 72 0
548 833 0
807 1803 0
1151 2616 0
24 1013 0
1342 170 0
