1 4
1 268
1 1634
1 1637
1 1653
1 1663
1 2214
2 1239
3 859
3 1623
3 1647
4 1637
4 1646
4 1663
5 1606
5 1646
5 1654
5 1663
5 1685
6 411
6 445
6 2205
6 2208
6 2258
8 9
8 525
8 2401
9 393
9 2401
10 10
10 268
10 271
10 284
10 305
11 16
11 68
11 493
12 662
12 670
12 1065
13 393
14 117
15 68
15 489
16 48
16 167
17 17
17 43
17 58
19 20
22 44
23 25
23 34
26 69
26 89
26 235
26 1443
26 1451
27 43
27 63
27 101
28 393
29 393
30 85
30 165
30 188
31 31
31 69
31 99
31 100
31 116
31 124
31 221
31 665
32 43
32 427
32 449
34 87
35 393
36 39
37 39
41 136
41 393
42 1443
43 51
43 57
43 116
43 129
43 441
43 540
43 1467
46 84
46 113
46 323
47 91
47 146
47 159
47 415
47 429
47 514
47 538
48 68
49 49
49 61
49 114
50 79
50 80
52 69
52 70
52 100
52 234
52 670
53 433
56 383
57 529
58 69
58 148
58 409
58 519
58 960
58 967
61 146
61 460
61 536
61 1156
62 107
62 124
62 221
63 63
63 235
64 88
66 181
68 106
68 175
68 376
68 572
68 897
68 966
68 1133
68 2074
69 76
69 90
69 100
69 219
69 221
69 318
69 1401
69 1451
70 124
71 71
71 90
71 517
71 1573
72 89
72 391
73 124
73 167
74 144
75 128
75 247
75 481
75 978
76 648
77 79
77 106
79 162
80 97
80 104
84 104
84 113
85 112
85 144
85 174
85 187
86 115
87 391
87 445
88 92
88 420
88 426
88 467
88 533
88 654
89 89
89 157
89 185
89 536
90 101
90 185
90 1073
90 2385
92 116
92 118
92 172
92 489
95 393
95 655
96 222
99 181
99 416
100 100
100 653
102 102
102 458
103 178
104 104
104 161
106 445
107 156
107 658
107 668
108 221
110 114
110 489
110 496
111 170
113 445
114 496
116 116
116 172
117 153
117 160
117 163
118 168
119 159
119 185
119 857
119 1745
119 2319
123 185
124 231
128 146
132 400
133 186
133 662
136 136
136 144
136 441
136 458
136 474
138 138
138 496
139 1272
142 216
142 235
146 180
147 182
147 393
148 393
151 165
155 185
156 445
160 391
160 412
160 517
160 1468
162 393
163 185
165 188
170 170
171 171
171 393
173 177
175 179
176 1684
176 1720
176 1760
177 411
178 399
178 400
179 181
179 2070
181 489
183 1095
183 1872
185 201
185 221
185 653
185 1505
186 377
189 458
193 489
196 433
196 461
196 531
196 2397
202 509
205 205
205 1158
206 489
206 510
210 1901
213 235
216 247
216 383
216 384
218 662
220 225
220 228
220 235
221 223
221 657
222 227
222 239
224 226
224 232
224 247
224 1401
224 1413
225 229
225 236
225 243
225 245
225 246
225 1446
226 228
226 233
226 242
226 1400
226 1408
226 1409
226 1427
226 1446
226 1468
226 1477
227 230
227 232
227 236
227 383
228 233
228 648
228 660
228 1412
228 1413
228 1420
228 1427
228 1434
228 1435
228 1451
228 1469
228 1476
229 243
229 244
231 231
231 682
232 235
232 236
232 1573
233 233
233 235
233 666
233 1400
233 1401
233 1415
234 247
235 246
235 357
235 375
235 1403
235 1444
235 1477
235 1774
236 244
236 666
239 665
240 242
241 244
241 245
241 247
241 1412
242 247
242 445
243 245
244 247
244 359
244 575
244 2079
245 247
245 1415
245 1443
246 247
246 1465
247 393
247 740
250 1007
252 252
252 1175
252 2040
254 1023
254 1076
254 1986
254 2009
254 2013
254 2016
256 1007
259 259
261 261
264 2015
266 292
266 851
268 272
268 288
268 304
270 288
270 2403
271 448
272 304
272 493
275 525
276 427
276 1143
277 435
277 454
277 457
277 489
277 526
278 291
278 354
278 476
280 341
283 924
283 999
284 408
284 489
284 2390
285 448
285 682
285 1126
285 1525
285 2390
288 2403
289 931
289 975
289 992
290 290
290 419
290 430
290 461
290 463
291 446
292 307
292 387
299 494
299 708
301 301
303 1527
304 445
304 792
304 1605
304 2403
307 373
307 838
308 434
308 892
310 393
315 445
315 866
316 393
318 489
319 602
320 1573
322 342
322 1645
323 1529
325 525
325 866
325 995
326 1722
326 1742
328 357
331 860
332 464
333 932
333 992
334 700
334 1494
334 1504
335 489
335 1722
335 1848
336 1647
337 1067
338 1390
339 962
341 887
341 999
341 1394
343 696
344 489
344 712
344 1470
344 1491
344 1932
344 2253
345 346
346 1793
346 1884
347 2356
348 1133
348 1148
348 1153
348 1154
351 1645
354 440
355 1437
358 375
360 762
360 1412
360 1587
361 526
362 372
363 445
364 1146
364 1173
365 2374
367 518
373 762
375 433
375 2192
378 1635
379 1097
386 764
386 1587
388 418
388 1815
390 445
391 393
391 400
391 413
391 751
391 757
391 779
391 781
391 803
391 806
391 1660
391 2385
392 471
392 490
392 521
392 869
393 458
393 518
393 708
393 813
393 859
393 1061
393 1164
393 1246
393 1301
393 1374
393 1547
393 1608
393 1700
393 1744
393 1823
393 1829
393 1846
393 1885
393 1910
393 2088
393 2143
393 2149
393 2151
393 2208
393 2216
393 2228
393 2232
393 2261
393 2392
396 399
396 833
397 399
397 430
397 462
397 512
397 525
397 561
397 648
397 841
398 477
398 1664
399 856
399 2229
399 2356
400 445
400 528
400 1350
400 1509
400 1519
400 1521
400 1540
400 1547
400 1662
400 1704
400 1725
400 1751
400 2151
400 2179
400 2193
400 2204
400 2299
401 445
401 1761
403 420
405 434
405 810
405 908
405 960
405 1210
405 1233
405 2340
406 445
406 525
406 830
406 1717
408 448
408 2390
409 432
409 570
410 668
411 537
411 1495
411 1719
411 2311
413 1864
414 417
416 1379
417 418
418 512
419 435
419 454
419 464
419 745
419 761
419 1752
419 1857
420 426
420 534
422 1498
422 1641
425 434
425 509
426 501
426 1525
427 428
427 449
427 460
428 1525
429 536
429 648
430 444
433 454
433 471
433 472
433 489
433 531
433 787
433 1628
433 2320
434 622
434 786
435 489
435 509
435 511
435 841
436 477
436 698
436 831
437 682
440 449
440 536
440 538
444 464
445 811
445 839
445 902
445 965
445 1179
445 1195
445 1321
445 1475
445 1598
445 1624
445 1667
445 1709
445 1717
445 1765
445 1875
445 1939
445 2066
445 2092
445 2106
445 2111
445 2209
445 2219
445 2255
445 2289
445 2305
445 2352
448 1587
448 1646
451 1281
454 489
457 475
457 1859
458 537
458 644
458 824
458 853
459 2290
460 522
461 462
461 749
461 827
461 833
461 934
464 472
464 509
464 860
464 1753
464 1857
466 1902
470 2390
471 497
471 1025
471 1781
471 1854
471 1898
471 1918
471 2325
471 2335
472 827
473 1602
475 489
475 523
475 528
475 1261
476 607
476 768
476 865
476 1071
476 1261
478 1573
479 743
482 496
482 975
483 797
483 827
483 934
483 938
483 1571
484 708
485 793
489 708
489 724
489 748
489 793
489 912
489 948
489 965
489 981
489 1056
489 1060
489 1070
489 1073
489 1119
489 1121
489 1131
489 1138
489 1178
489 1197
489 1214
489 1219
489 1233
489 1355
489 1492
489 1523
489 1525
489 1540
489 1562
489 1656
489 1717
489 1936
489 2159
489 2259
489 2266
489 2289
489 2364
493 523
493 526
493 598
493 1712
493 2288
496 714
496 1467
496 1598
496 2303
497 497
497 1641
499 708
499 1958
505 536
505 770
508 1587
509 783
509 1135
509 1262
509 1476
509 1725
509 1851
509 2277
510 892
510 1264
510 1272
510 1326
510 1333
510 2296
512 521
512 1653
515 1331
515 1498
516 2359
517 932
525 1022
525 1607
525 2303
526 537
526 542
526 587
526 590
526 614
526 623
526 639
526 873
526 1071
526 1516
526 1684
526 1697
526 1915
526 2152
526 2259
526 2264
526 2288
526 2303
527 1583
529 739
530 1637
531 531
531 795
534 1525
536 538
536 540
536 836
538 540
538 714
538 748
541 583
542 568
542 634
543 568
544 1928
546 568
547 557
547 568
548 548
548 624
549 549
549 597
549 624
551 624
552 552
552 634
553 554
553 580
553 589
554 600
554 604
554 607
554 624
555 625
557 557
558 568
558 579
558 604
559 613
560 845
560 1398
562 623
563 568
564 566
564 596
565 566
567 615
568 595
568 605
568 615
568 621
568 628
568 647
569 586
569 592
569 593
569 596
569 597
569 600
569 605
569 629
569 632
577 624
578 586
578 601
578 631
581 596
581 608
583 583
584 596
584 602
585 624
586 624
588 589
588 590
592 604
594 624
596 631
600 622
601 602
602 609
602 617
602 626
602 628
602 1084
602 1086
602 1164
602 1315
602 1326
602 1694
603 624
603 645
604 606
608 613
610 624
615 624
618 622
621 624
624 629
624 630
624 637
628 633
648 740
648 1457
648 1458
648 1459
648 1684
649 649
651 680
651 1014
651 1392
662 1390
663 666
665 668
666 666
667 975
668 960
668 1669
673 1015
679 679
679 683
680 680
680 1392
680 1765
682 902
682 950
682 963
682 992
682 1493
682 1504
682 1636
682 1800
688 2119
694 694
694 708
695 722
696 708
696 713
696 718
696 782
696 942
696 1474
696 1477
696 1568
696 1615
696 2052
697 2218
700 1005
702 2254
704 714
705 1647
706 881
706 2152
706 2181
708 781
708 801
708 805
708 866
708 918
708 1284
708 1521
708 1638
708 1641
708 1899
708 2094
708 2107
708 2186
708 2260
708 2372
708 2392
710 710
711 781
711 819
713 718
713 814
713 872
713 1565
713 1631
713 1652
713 2157
714 748
715 718
715 761
716 1653
716 1684
718 745
718 814
720 751
720 805
720 819
720 829
722 811
722 1005
722 1584
723 751
723 771
723 805
723 808
725 2196
729 729
729 757
729 806
729 808
733 1589
733 1621
734 821
735 1500
735 2135
737 866
740 1504
742 825
745 827
749 761
749 794
749 934
750 854
751 803
751 808
752 1631
754 1089
755 1501
757 805
757 808
758 1525
758 2267
760 1635
762 1464
765 802
771 1647
772 1507
776 814
780 780
784 784
785 1536
786 1848
787 795
788 811
789 987
789 1549
790 791
790 1544
794 2351
796 818
797 827
797 833
798 798
801 1492
803 1647
804 1653
806 808
807 1583
811 825
814 838
814 1221
814 2131
816 851
816 1595
824 2197
825 2259
828 1583
828 2159
830 1525
832 2351
833 934
838 838
846 1268
849 935
849 1100
849 1926
850 1177
851 851
851 962
854 1509
854 1540
855 855
855 858
859 1658
859 1660
866 1125
866 2284
871 876
871 1641
874 965
876 1641
877 877
882 952
886 1000
887 931
887 950
887 975
889 962
890 1632
890 1686
891 983
893 932
893 955
895 996
898 898
902 1125
902 1155
902 1169
905 930
907 1636
908 922
908 2051
909 2074
910 962
913 930
916 958
916 1370
918 1012
918 1641
919 981
920 2004
920 2013
922 933
922 1161
922 1448
922 1653
923 929
924 932
924 940
927 996
929 1002
931 955
932 943
932 968
933 1226
940 998
941 1153
941 1154
943 975
943 999
943 1394
949 999
949 1394
951 1060
955 1390
960 962
960 1007
960 1076
960 1230
962 978
965 1466
967 967
967 1002
967 1143
970 971
970 1572
971 1654
972 1038
973 973
977 1164
978 978
979 1602
990 1108
990 2030
999 1593
1002 1245
1004 1009
1005 1018
1005 1465
1007 1019
1007 1437
1008 1017
1009 1013
1010 1020
1011 1011
1020 1641
1021 1067
1024 1073
1024 2066
1028 1039
1028 1066
1028 1162
1029 1162
1033 1036
1034 1072
1036 1174
1036 1467
1043 1128
1043 1152
1043 1154
1045 1163
1046 1871
1049 1201
1050 1085
1050 1092
1051 1102
1052 1127
1053 1111
1054 1070
1055 1061
1055 1178
1056 1832
1062 1185
1063 1129
1063 1609
1064 1155
1064 1176
1064 1523
1065 1201
1065 1206
1065 1331
1069 2330
1072 1111
1073 1095
1073 1151
1073 1350
1073 2046
1074 1339
1076 1722
1081 1164
1082 1143
1084 1084
1087 1141
1087 1287
1089 1095
1090 2288
1093 1149
1094 1165
1094 1166
1094 1191
1096 1110
1096 1137
1106 1166
1110 1131
1110 1137
1111 1189
1117 1137
1120 1843
1123 1183
1124 1130
1124 2024
1131 1189
1133 1717
1141 1176
1142 1185
1145 1168
1150 2321
1151 1153
1154 1443
1156 1156
1156 2015
1164 1204
1164 2057
1166 1180
1166 1192
1166 1204
1166 1522
1171 1979
1173 1176
1175 1188
1179 1179
1184 1184
1186 1314
1188 1188
1190 1192
1190 1412
1202 1221
1208 1340
1208 1353
1211 1259
1211 1299
1211 1348
1213 1333
1213 1350
1216 1283
1218 1385
1226 1245
1227 1228
1227 1320
1228 1253
1228 1316
1229 1239
1229 1318
1232 1356
1236 1291
1236 1337
1243 1348
1244 1316
1244 1328
1244 1363
1245 1247
1245 1334
1246 1251
1247 1260
1247 1310
1247 1325
1247 1381
1250 1310
1250 1356
1251 1329
1253 1281
1254 1385
1255 1295
1255 1385
1258 1350
1258 1360
1259 1299
1259 1373
1260 1286
1261 1264
1261 1272
1261 1330
1261 1348
1261 1352
1262 2016
1264 1300
1264 1316
1264 1351
1264 1373
1264 1377
1265 1358
1267 1330
1268 1832
1270 1291
1272 1284
1272 1316
1272 1363
1274 1329
1274 1330
1275 1331
1281 1330
1281 1335
1282 1282
1284 1316
1291 1337
1292 1331
1293 1342
1294 1301
1296 1299
1296 2009
1298 1355
1299 1310
1299 1333
1299 1847
1302 2023
1306 1344
1307 1385
1312 1348
1314 1315
1314 1351
1314 1384
1316 1326
1316 1331
1322 1322
1326 1330
1326 1334
1326 1373
1326 1836
1328 1331
1328 1342
1329 1329
1330 1344
1330 1358
1330 1375
1330 1785
1331 1347
1331 2064
1332 1354
1333 1377
1336 1573
1340 1340
1349 1381
1350 1373
1351 1372
1353 1353
1353 1381
1381 1381
1388 1388
1393 1974
1393 2010
1394 1545
1396 1439
1397 1445
1398 1434
1398 1446
1398 1476
1398 1478
1400 1420
1400 1423
1400 1435
1400 1446
1400 1460
1400 1467
1400 1471
1401 1406
1401 1412
1401 1450
1401 1466
1402 1412
1402 1431
1402 1435
1402 1454
1403 1417
1403 1433
1403 1459
1403 1460
1404 1423
1404 1457
1404 1467
1404 1478
1405 1425
1405 1460
1406 1407
1406 1444
1406 1466
1407 1434
1408 1413
1408 1425
1408 1468
1409 1413
1409 1450
1410 1410
1410 1446
1411 1449
1411 1465
1411 1466
1411 1475
1412 1414
1412 1420
1412 1422
1412 1429
1412 1448
1412 1453
1412 1457
1412 1461
1412 1474
1412 1477
1412 1967
1412 2019
1413 1415
1413 1452
1415 1415
1415 1480
1416 1446
1416 1449
1416 1457
1417 1433
1417 1443
1417 1472
1418 1456
1418 1477
1418 1480
1419 1449
1420 1423
1420 1428
1420 1441
1420 1452
1420 1471
1421 1425
1421 1427
1421 1432
1421 1447
1421 1465
1421 1466
1421 2033
1423 1430
1423 1449
1423 1460
1423 1465
1423 1471
1423 1573
1424 1465
1425 1441
1427 1467
1428 1434
1428 1442
1428 1443
1428 1444
1428 1460
1428 1478
1429 1445
1429 1468
1430 1452
1430 1454
1430 1457
1431 1462
1432 1480
1433 1439
1433 1443
1433 1451
1434 1435
1434 1444
1434 1461
1434 1475
1434 1478
1435 1466
1435 1479
1436 1444
1439 1442
1439 1444
1439 1449
1439 1453
1439 1459
1439 1465
1439 1467
1439 1477
1439 1478
1440 1459
1440 1478
1440 1479
1441 1466
1442 1443
1442 1465
1443 1459
1443 1462
1443 1573
1444 1451
1444 1460
1444 1462
1445 1472
1445 1478
1445 1610
1446 1449
1446 1451
1446 1467
1447 1460
1447 1476
1448 1475
1450 1452
1450 1455
1451 1466
1451 1469
1451 1478
1452 1476
1454 1454
1454 1467
1457 1465
1458 1461
1458 1475
1458 1478
1459 1465
1459 1472
1460 1471
1460 1476
1460 1479
1460 1573
1461 1465
1462 1466
1462 1476
1462 1477
1464 1465
1465 1469
1465 1472
1466 1468
1466 1477
1466 1480
1467 1471
1471 1475
1478 2007
1482 2259
1487 1488
1489 1517
1492 2182
1493 1515
1495 1534
1495 1939
1501 1501
1504 1505
1504 1525
1505 1540
1507 1540
1509 1515
1509 1525
1509 1656
1509 2385
1512 1534
1515 2215
1525 2291
1527 1672
1528 1538
1540 1681
1540 2316
1544 1544
1544 2235
1547 1547
1547 1548
1549 1645
1554 1664
1555 1592
1555 1597
1559 1565
1567 1597
1574 1583
1575 1601
1576 1676
1584 1637
1584 1638
1597 1677
1604 1686
1606 1647
1607 1608
1607 1628
1607 1660
1608 1646
1608 1660
1610 1610
1611 1643
1615 1624
1615 1630
1615 2268
1616 2157
1619 1626
1619 1639
1621 1641
1621 1654
1621 1672
1622 2130
1622 2134
1623 2384
1625 1651
1625 1686
1626 1682
1627 1629
1627 1645
1627 1647
1627 1684
1628 1673
1629 1646
1629 1663
1629 1685
1630 2158
1632 1632
1635 1643
1635 1645
1635 1647
1635 1653
1636 1646
1636 1685
1637 1684
1637 1901
1637 2174
1638 1645
1638 1647
1638 2104
1638 2330
1639 1664
1639 1682
1641 1645
1641 1654
1641 1661
1643 1653
1643 1661
1643 1663
1643 1684
1645 1647
1645 1669
1645 1684
1645 2185
1645 2330
1645 2342
1646 1647
1646 1648
1646 1801
1646 2330
1646 2386
1647 1648
1647 1649
1647 1657
1647 1673
1647 1871
1647 2232
1647 2310
1647 2330
1648 1648
1648 1653
1648 1654
1648 1658
1648 1661
1648 1669
1648 1685
1648 2269
1648 2311
1649 1660
1651 1666
1653 1661
1653 2330
1654 2388
1661 1663
1663 1685
1670 1670
1673 1684
1673 2113
1681 2321
1685 2330
1688 1718
1688 1829
1690 1815
1692 1785
1695 1698
1695 1702
1696 1848
1696 2288
1697 1711
1698 1711
1700 1710
1704 1745
1706 1711
1706 1712
1707 1785
1709 1710
1716 1718
1716 1749
1716 1789
1716 1815
1716 1829
1716 1840
1717 1754
1717 1765
1717 1792
1717 1819
1717 1840
1717 1853
1717 1865
1718 1718
1718 1761
1718 1792
1718 1840
1718 1865
1721 1721
1721 1752
1721 1803
1722 1740
1722 1752
1722 1847
1722 1860
1722 1867
1722 2298
1729 1739
1730 1785
1732 1732
1732 1733
1732 1744
1732 1752
1732 1779
1732 1803
1732 1823
1732 1834
1732 1837
1732 1873
1732 1878
1733 1768
1733 1779
1733 1781
1733 1803
1735 1825
1736 1768
1737 1745
1737 1855
1745 1783
1745 1787
1745 1789
1745 1792
1745 1831
1745 1865
1748 1871
1752 1802
1752 1823
1753 1772
1754 1850
1755 1833
1756 1756
1757 1765
1757 1773
1762 1825
1764 1850
1764 1854
1765 1805
1765 1855
1767 1853
1767 1856
1768 1823
1771 1826
1773 1829
1779 1781
1779 1846
1781 1803
1782 1812
1783 1840
1784 1800
1784 1818
1787 1813
1789 1882
1792 1792
1792 1865
1794 1821
1794 1825
1794 1861
1794 1869
1802 1803
1802 1868
1803 1823
1805 1829
1806 1806
1806 1878
1807 1847
1809 1822
1811 1825
1812 1846
1812 1873
1814 1888
1815 1840
1815 1855
1816 2098
1819 1840
1823 1846
1823 1873
1823 1874
1826 1826
1829 1829
1829 1862
1832 1871
1835 1860
1837 1878
1849 1853
1850 1881
1868 1868
1877 1878
1890 1893
1893 1899
1897 2331
1904 1904
1908 1958
1911 1911
1918 1918
1929 1937
1931 1932
1933 1934
1954 1955
1955 1956
1968 1969
1971 1972
1973 1990
1979 2020
1979 2021
1980 2073
1981 2005
1983 2033
1995 1997
1995 2005
1995 2021
1995 2049
1995 2074
1996 2000
1996 2002
1997 2001
1998 2000
1998 2001
1999 2000
1999 2001
1999 2073
2000 2002
2010 2051
2010 2071
2011 2051
2014 2036
2016 2060
2017 2017
2017 2054
2018 2018
2019 2074
2020 2077
2022 2077
2034 2049
2036 2037
2040 2053
2040 2072
2042 2072
2046 2058
2047 2047
2049 2074
2051 2051
2057 2057
2057 2404
2059 2059
2060 2061
2084 2176
2085 2254
2085 2270
2087 2123
2087 2132
2087 2198
2088 2088
2089 2186
2090 2148
2090 2295
2091 2091
2092 2273
2093 2247
2093 2276
2096 2197
2096 2199
2096 2297
2097 2100
2097 2132
2098 2376
2101 2198
2101 2213
2101 2238
2101 2240
2102 2119
2104 2104
2105 2159
2106 2147
2107 2117
2107 2159
2110 2159
2111 2118
2112 2134
2114 2114
2116 2138
2116 2140
2116 2143
2119 2235
2121 2159
2122 2218
2122 2234
2122 2270
2123 2197
2123 2206
2123 2213
2126 2190
2126 2199
2127 2279
2128 2231
2130 2134
2130 2159
2132 2148
2132 2198
2132 2240
2133 2197
2133 2218
2133 2240
2135 2259
2136 2279
2138 2143
2138 2186
2139 2142
2140 2143
2140 2148
2140 2218
2140 2231
2142 2143
2142 2197
2143 2206
2147 2178
2148 2197
2148 2295
2148 2296
2148 2303
2149 2330
2150 2200
2151 2162
2151 2180
2151 2296
2155 2233
2155 2248
2156 2210
2158 2307
2159 2214
2159 2287
2159 2340
2159 2383
2162 2189
2162 2202
2162 2226
2163 2189
2163 2312
2165 2167
2166 2166
2167 2280
2174 2203
2174 2231
2174 2264
2174 2266
2174 2298
2176 2184
2176 2236
2178 2178
2180 2189
2182 2259
2183 2185
2183 2264
2186 2197
2186 2213
2190 2288
2197 2238
2197 2242
2197 2253
2197 2298
2197 2315
2198 2206
2198 2213
2199 2224
2199 2225
2199 2294
2199 2297
2199 2303
2203 2265
2203 2266
2204 2312
2204 2395
2206 2240
2207 2249
2208 2274
2210 2330
2215 2259
2218 2248
2218 2270
2220 2288
2223 2296
2224 2294
2231 2288
2233 2236
2233 2241
2236 2243
2237 2239
2239 2241
2242 2270
2247 2276
2249 2286
2253 2270
2253 2288
2254 2254
2266 2266
2272 2305
2288 2296
2288 2297
2292 2293
2292 2296
2293 2298
2293 2303
2294 2303
2295 2297
2296 2303
2321 2384
2330 2354
2334 2341
2338 2338
2349 2364
2359 2359
2361 2364
2364 2377
2364 2384
2387 2387
2391 2395
2393 2401
2396 2396
2398 2398
2402 2404
