1547 1548 1
515 1331 1
1434 1461 1
226 1400 1
2093 2276 1
1410 1410 1
429 648 1
1281 1335 1
5 1654 1
679 683 1
1424 1465 1
1446 1467 1
1296 1299 1
445 2219 1
1732 1752 1
2132 2240 1
397 561 1
1043 1128 1
526 587 1
400 2193 1
391 803 1
283 999 1
52 69 1
859 1658 1
244 247 1
710 710 1
1802 1803 1
62 221 1
435 841 1
527 1583 1
2206 2240 1
943 1394 1
422 1498 1
696 1615 1
1063 1129 1
949 999 1
227 230 1
445 965 1
718 745 1
1501 1501 1
772 1507 1
1716 1789 1
254 1023 1
175 179 1
887 931 1
31 124 1
1732 1733 1
433 471 1
509 1851 1
53 433 1
1393 2010 1
722 811 1
400 1751 1
1440 1479 1
1466 1477 1
916 1370 1
789 1549 1
6 2205 1
2017 2054 1
902 1169 1
228 1469 1
216 383 1
193 489 1
117 163 1
489 981 1
272 493 1
1330 1785 1
1434 1435 1
393 2392 1
2242 2270 1
1627 1645 1
1809 1822 1
1328 1342 1
1264 1300 1
1307 1385 1
604 606 1
445 2106 1
70 124 1
816 1595 1
866 2284 1
816 851 1
119 185 1
2112 2134 1
26 235 1
1413 1415 1
239 665 1
341 999 1
471 497 1
473 1602 1
569 629 1
1024 1073 1
786 1848 1
1460 1471 1
399 856 1
475 1261 1
526 1684 1
1721 1721 1
569 586 1
2132 2148 1
552 552 1
1011 1011 1
1654 2388 1
1421 1425 1
965 1466 1
393 1608 1
682 1493 1
1837 1878 1
460 522 1
1627 1629 1
471 1025 1
4 1637 1
52 70 1
244 2079 1
1087 1141 1
107 658 1
1316 1331 1
36 39 1
682 950 1
602 617 1
489 1562 1
1074 1339 1
569 593 1
436 831 1
6 2258 1
1648 2269 1
2236 2243 1
483 797 1
1615 2268 1
2218 2248 1
1072 1111 1
433 787 1
734 821 1
401 445 1
735 2135 1
1441 1466 1
941 1154 1
277 435 1
221 657 1
74 144 1
1619 1626 1
323 1529 1
77 106 1
102 458 1
224 247 1
2208 2274 1
715 718 1
30 85 1
476 607 1
526 2264 1
2000 2002 1
1745 1787 1
1663 1685 1
391 413 1
973 973 1
58 69 1
1247 1381 1
1051 1102 1
1781 1803 1
2199 2294 1
2116 2143 1
1695 1702 1
2163 2189 1
546 568 1
918 1012 1
668 960 1
526 873 1
588 589 1
259 259 1
29 393 1
397 525 1
855 855 1
908 2051 1
104 104 1
75 247 1
1063 1609 1
1110 1137 1
733 1621 1
425 509 1
648 1457 1
765 802 1
411 1719 1
1696 1848 1
1409 1413 1
1576 1676 1
360 1587 1
1412 1414 1
2159 2383 1
1412 1448 1
1815 1855 1
624 637 1
902 1125 1
1648 1669 1
224 1401 1
163 185 1
1402 1435 1
1423 1449 1
231 231 1
1540 1681 1
548 548 1
334 700 1
547 557 1
1999 2000 1
584 596 1
1333 1377 1
851 962 1
367 518 1
1427 1467 1
232 1573 1
1765 1855 1
757 805 1
567 615 1
1398 1476 1
1328 1331 1
458 644 1
106 445 1
1722 1752 1
1670 1670 1
1428 1443 1
758 1525 1
90 1073 1
473 1602 1
1421 1427 1
58 960 1
2178 2178 1
2233 2241 1
419 1857 1
1408 1468 1
1637 1684 1
31 116 1
448 1646 1
1849 1853 1
1005 1018 1
2148 2296 1
400 1704 1
1911 1911 1
405 810 1
1645 2185 1
1398 1434 1
213 235 1
1646 1647 1
1807 1847 1
814 1221 1
583 583 1
1096 1137 1
393 2216 1
1512 1534 1
489 1717 1
71 71 1
307 373 1
1351 1372 1
1815 1840 1
245 1415 1
932 968 1
1721 1803 1
493 526 1
1410 1446 1
489 965 1
893 955 1
1164 1204 1
69 219 1
119 159 1
2089 2186 1
1729 1739 1
569 592 1
1933 1934 1
171 171 1
1090 2288 1
850 1177 1
708 2392 1
246 1465 1
433 2320 1
397 399 1
1430 1452 1
1621 1654 1
6 445 1
338 1390 1
1630 2158 1
489 1056 1
496 2303 1
2199 2225 1
555 625 1
393 518 1
1507 1540 1
291 446 1
3 1647 1
393 1061 1
117 153 1
1451 1469 1
1447 1476 1
335 1848 1
1412 2019 1
1439 1444 1
133 662 1
1434 1475 1
554 604 1
1718 1792 1
547 568 1
80 97 1
1423 1430 1
261 261 1
400 1725 1
1996 2002 1
225 1446 1
696 1477 1
663 666 1
1227 1228 1
2292 2296 1
2014 2036 1
1647 1649 1
268 304 1
1635 1643 1
594 624 1
400 1547 1
445 2352 1
165 188 1
445 1667 1
1082 1143 1
2101 2198 1
79 162 1
489 2266 1
393 1061 1
419 464 1
489 1138 1
5 1606 1
69 1451 1
601 602 1
696 942 1
233 235 1
337 1067 1
893 955 1
737 866 1
142 235 1
526 2259 1
1412 1474 1
393 2088 1
1622 2130 1
228 1427 1
876 1641 1
445 902 1
10 284 1
2249 2286 1
651 680 1
233 233 1
400 528 1
241 244 1
525 1022 1
419 454 1
1314 1315 1
348 1133 1
1444 1462 1
1208 1340 1
1133 1717 1
2215 2259 1
1850 1881 1
1643 1661 1
1330 1375 1
236 666 1
2186 2197 1
2176 2184 1
284 2390 1
408 448 1
445 1709 1
1745 1783 1
436 477 1
445 1717 1
1805 1829 1
1764 1854 1
1768 1823 1
1462 1477 1
142 216 1
1408 1413 1
1698 1711 1
1299 1333 1
602 1164 1
526 537 1
69 90 1
445 1875 1
489 1936 1
26 1451 1
581 596 1
705 1647 1
409 570 1
1400 1435 1
497 1641 1
665 668 1
225 236 1
1179 1179 1
471 2335 1
1794 1821 1
475 523 1
12 670 1
932 943 1
69 221 1
46 323 1
1400 1420 1
1184 1184 1
2101 2213 1
1458 1478 1
170 170 1
1789 1882 1
2040 2053 1
526 2288 1
720 819 1
1621 1641 1
1998 2001 1
1509 1525 1
268 272 1
344 2253 1
458 824 1
268 288 1
898 898 1
414 417 1
104 161 1
2393 2401 1
1461 1465 1
1436 1444 1
233 666 1
84 104 1
1405 1460 1
1495 1939 1
1213 1333 1
1718 1840 1
48 68 1
2207 2249 1
483 938 1
2159 2340 1
231 682 1
811 825 1
346 1884 1
1606 1647 1
245 247 1
2057 2404 1
1627 1684 1
2107 2159 1
526 590 1
967 967 1
708 2107 1
1525 2291 1
397 430 1
1033 1036 1
393 1885 1
86 115 1
1073 1151 1
1444 1460 1
1980 2073 1
542 634 1
444 464 1
196 461 1
147 182 1
1489 1517 1
1405 1425 1
1403 1459 1
734 821 1
1732 1732 1
458 537 1
1610 1610 1
228 660 1
588 590 1
918 1641 1
2088 2088 1
713 1631 1
1251 1329 1
1029 1162 1
225 243 1
960 1230 1
554 624 1
43 116 1
405 2340 1
1765 1805 1
1505 1540 1
226 242 1
586 624 1
1434 1478 1
2017 2017 1
88 426 1
270 288 1
722 1005 1
361 526 1
226 1427 1
1767 1853 1
2123 2206 1
680 1392 1
1246 1251 1
493 598 1
830 1525 1
10 268 1
228 1412 1
2296 2303 1
489 1540 1
1792 1792 1
344 489 1
348 1148 1
1401 1406 1
581 608 1
1213 1350 1
680 1765 1
400 1509 1
1597 1677 1
1445 1472 1
445 1667 1
1604 1686 1
391 781 1
1771 1826 1
2231 2288 1
696 718 1
224 226 1
1400 1471 1
564 566 1
489 1121 1
962 978 1
1050 1085 1
1737 1855 1
398 477 1
849 1926 1
252 1175 1
301 301 1
760 1635 1
806 808 1
2148 2295 1
1908 1958 1
445 2066 1
895 996 1
448 1587 1
1330 1344 1
1028 1162 1
1412 1461 1
445 2111 1
1439 1449 1
440 538 1
1638 2330 1
1 1634 1
418 512 1
1413 1452 1
2139 2142 1
1272 1363 1
411 1495 1
1442 1465 1
117 160 1
1292 1331 1
266 851 1
19 20 1
1968 1969 1
696 713 1
68 2074 1
1435 1479 1
1054 1070 1
1621 1672 1
1417 1443 1
30 165 1
1643 1663 1
489 708 1
171 393 1
1264 1373 1
1418 1456 1
277 526 1
8 2401 1
1459 1465 1
603 624 1
136 474 1
2162 2226 1
316 393 1
52 100 1
708 866 1
391 751 1
1412 1457 1
445 1939 1
1166 1192 1
2176 2236 1
920 2013 1
1421 2033 1
723 751 1
905 930 1
1745 1789 1
375 2192 1
347 2356 1
485 793 1
1779 1846 1
61 536 1
220 228 1
252 252 1
341 887 1
1331 1347 1
289 975 1
398 1664 1
400 2151 1
393 1829 1
1265 1358 1
695 722 1
445 902 1
1732 1744 1
729 808 1
151 165 1
1261 1352 1
216 384 1
708 781 1
1421 1465 1
1 1653 1
708 1638 1
1 2214 1
391 757 1
1439 1477 1
1752 1802 1
42 1443 1
543 568 1
2106 2147 1
1515 2215 1
682 1636 1
499 1958 1
1733 1803 1
458 853 1
160 1468 1
43 57 1
1504 1525 1
397 648 1
798 798 1
202 509 1
46 84 1
801 1492 1
618 622 1
3 1623 1
1733 1779 1
1124 1130 1
393 1164 1
797 833 1
2288 2296 1
1717 1765 1
1043 1154 1
1653 2330 1
2148 2303 1
967 1143 1
1688 1718 1
682 902 1
1440 1459 1
1607 1608 1
551 624 1
147 393 1
1998 2000 1
557 557 1
386 1587 1
1244 1363 1
1076 1722 1
1653 1661 1
929 1002 1
247 393 1
2254 2254 1
696 1474 1
343 696 1
254 1076 1
17 58 1
688 2119 1
47 538 1
1460 1476 1
271 448 1
2085 2270 1
13 393 1
489 912 1
1695 1698 1
476 1071 1
549 597 1
220 235 1
461 833 1
1636 1685 1
270 2403 1
400 2299 1
1439 1467 1
602 626 1
400 528 1
680 1392 1
72 89 1
250 1007 1
360 1412 1
1779 1781 1
1291 1337 1
58 519 1
697 2218 1
558 568 1
1718 1718 1
289 992 1
1443 1462 1
227 232 1
427 460 1
682 992 1
2126 2199 1
1646 1648 1
393 1910 1
75 128 1
713 718 1
289 931 1
445 2305 1
1647 1871 1
1955 1956 1
1406 1444 1
113 445 1
1329 1329 1
1999 2073 1
2199 2303 1
2330 2354 1
393 2149 1
1094 1166 1
234 247 1
1353 1353 1
2087 2132 1
1353 1381 1
1274 1329 1
751 803 1
375 433 1
2135 2259 1
393 2151 1
85 112 1
87 445 1
1709 1710 1
471 1854 1
391 393 1
461 749 1
807 1583 1
307 838 1
2111 2118 1
1087 1287 1
2158 2307 1
1929 1937 1
1509 1525 1
526 542 1
1294 1301 1
1272 1316 1
1681 2321 1
694 694 1
696 708 1
176 1720 1
628 633 1
254 1986 1
508 1587 1
1093 1149 1
1706 1711 1
241 245 1
1024 2066 1
720 829 1
419 745 1
2203 2266 1
529 739 1
2138 2186 1
405 1233 1
1823 1873 1
560 1398 1
1783 1840 1
2293 2303 1
99 181 1
585 624 1
1302 2023 1
1971 1972 1
1423 1460 1
1250 1310 1
910 962 1
1423 1471 1
922 1161 1
2102 2119 1
96 222 1
1402 1412 1
88 654 1
1050 1092 1
445 1195 1
833 934 1
1243 1348 1
2096 2297 1
1430 1457 1
1420 1423 1
393 2261 1
1036 1174 1
1 2214 1
1607 1660 1
887 975 1
1265 1358 1
972 1038 1
2321 2384 1
1094 1165 1
1803 1823 1
1255 1295 1
391 779 1
344 489 1
280 341 1
1647 1673 1
742 825 1
92 118 1
780 780 1
890 1686 1
1696 2288 1
828 1583 1
196 2397 1
1784 1818 1
526 2303 1
119 857 1
569 632 1
489 1523 1
552 634 1
405 434 1
2089 2186 1
160 517 1
218 662 1
1400 1467 1
235 1444 1
1555 1597 1
400 1350 1
608 613 1
1645 2330 1
5 1685 1
1641 1661 1
1559 1565 1
92 116 1
755 1501 1
1340 1340 1
400 1540 1
320 1573 1
445 1765 1
58 409 1
1457 1465 1
1216 1283 1
1814 1888 1
708 1899 1
58 148 1
392 521 1
971 1654 1
1306 1344 1
838 838 1
1433 1451 1
1717 1840 1
425 434 1
12 662 1
489 1219 1
749 761 1
476 1261 1
206 510 1
708 918 1
283 924 1
1417 1472 1
285 1525 1
1106 1166 1
1443 1459 1
1394 1545 1
668 1669 1
107 156 1
85 144 1
1331 2064 1
89 536 1
243 245 1
103 178 1
2034 2049 1
358 375 1
1806 1878 1
1430 1454 1
882 952 1
2010 2071 1
2051 2051 1
1229 1318 1
419 761 1
1732 1834 1
411 537 1
236 244 1
1732 1878 1
1737 1745 1
47 415 1
2204 2312 1
244 247 1
392 869 1
419 1752 1
2198 2213 1
1046 1871 1
2293 2298 1
56 383 1
47 146 1
32 43 1
1467 1471 1
1440 1478 1
397 512 1
2162 2189 1
602 1084 1
569 597 1
1732 1779 1
61 460 1
1259 1373 1
1635 1645 1
1293 1342 1
1274 1330 1
2133 2240 1
723 805 1
1412 1453 1
1890 1893 1
1228 1253 1
58 967 1
1244 1316 1
242 445 1
2220 2288 1
277 489 1
290 290 1
955 1390 1
2151 2162 1
479 743 1
110 489 1
509 1262 1
393 1246 1
351 1645 1
1446 1449 1
789 987 1
713 872 1
1794 1825 1
31 69 1
877 877 1
50 80 1
278 476 1
2090 2148 1
2057 2057 1
1716 1718 1
71 517 1
393 2208 1
2174 2298 1
57 529 1
10 10 1
2359 2359 1
69 1401 1
408 2390 1
334 1504 1
227 236 1
708 2260 1
23 25 1
400 2179 1
11 68 1
489 2159 1
364 1146 1
1440 1459 1
2223 2296 1
667 975 1
562 623 1
1722 1740 1
222 227 1
1403 1433 1
1717 1819 1
849 1100 1
2174 2203 1
241 247 1
445 1321 1
1645 1669 1
392 471 1
578 586 1
245 1443 1
1055 1178 1
420 534 1
510 1272 1
136 136 1
1717 1865 1
308 434 1
2010 2051 1
341 1394 1
1245 1334 1
2150 2200 1
2132 2198 1
1493 1515 1
749 794 1
1755 1833 1
457 475 1
90 2385 1
512 1653 1
1428 1444 1
5 1646 1
391 803 1
71 1573 1
461 462 1
735 1500 1
536 540 1
2147 2178 1
1639 1682 1
716 1653 1
1439 1453 1
814 838 1
254 2016 1
475 528 1
304 2403 1
713 814 1
493 523 1
2174 2264 1
1628 1673 1
1495 1534 1
666 666 1
702 2254 1
1428 1478 1
1567 1597 1
222 239 1
978 978 1
854 1509 1
100 653 1
1028 1066 1
505 536 1
565 566 1
1648 1653 1
90 185 1
220 225 1
2197 2298 1
400 1662 1
1721 1752 1
615 624 1
1411 1475 1
602 1694 1
1089 1095 1
119 1745 1
1264 1316 1
475 489 1
1745 1792 1
232 236 1
526 623 1
2133 2197 1
2087 2198 1
461 934 1
673 1015 1
1401 1450 1
196 531 1
526 2152 1
1407 1434 1
1504 1505 1
1673 1684 1
538 540 1
400 1519 1
355 1437 1
907 1636 1
146 180 1
1540 2316 1
1420 1452 1
526 1071 1
16 48 1
226 233 1
228 648 1
15 68 1
1073 1350 1
228 1413 1
1464 1465 1
391 806 1
403 420 1
2040 2053 1
1835 1860 1
391 2385 1
714 748 1
1173 1176 1
433 472 1
1166 1204 1
1190 1412 1
1688 1829 1
493 1712 1
1190 1192 1
505 770 1
1406 1466 1
1643 1684 1
332 464 1
420 426 1
489 2364 1
723 751 1
1250 1356 1
1412 1477 1
890 1632 1
400 2204 1
1764 1850 1
1651 1666 1
1627 1647 1
69 1401 1
568 595 1
1420 1428 1
1638 1645 1
489 1233 1
696 1568 1
1416 1449 1
2266 2266 1
1412 1429 1
1398 1446 1
16 167 1
64 88 1
1794 1861 1
708 1641 1
165 188 1
509 783 1
339 962 1
1745 1831 1
2294 2303 1
478 1573 1
483 934 1
405 908 1
602 1086 1
31 221 1
2391 2395 1
88 420 1
210 1901 1
1284 1316 1
551 624 1
1400 1423 1
1314 1384 1
2182 2259 1
464 860 1
2349 2364 1
483 1571 1
1150 2321 1
787 795 1
108 221 1
325 995 1
1979 2020 1
471 1918 1
1645 2342 1
393 458 1
84 113 1
1575 1601 1
828 2159 1
558 579 1
1629 1663 1
624 629 1
1073 2046 1
1166 1180 1
202 509 1
1073 1095 1
1444 1451 1
2183 2185 1
318 489 1
12 1065 1
979 1602 1
1433 1443 1
1402 1454 1
333 932 1
1247 1260 1
5 1663 1
28 393 1
1819 1840 1
1918 1918 1
1584 1638 1
393 1301 1
233 1401 1
416 1379 1
445 2305 1
1608 1646 1
226 1409 1
393 1547 1
832 2351 1
1717 1853 1
393 859 1
1933 1934 1
682 1800 1
69 100 1
466 1902 1
290 430 1
185 653 1
31 100 1
221 223 1
325 866 1
406 445 1
1429 1468 1
1717 1792 1
244 359 1
2155 2248 1
1244 1328 1
226 228 1
1 1663 1
1156 1156 1
179 2070 1
708 805 1
2197 2315 1
1627 1647 1
292 307 1
26 89 1
927 996 1
542 568 1
874 965 1
2047 2047 1
716 1684 1
2247 2276 1
711 781 1
399 2356 1
360 1412 1
1616 2157 1
178 400 1
1607 1628 1
427 428 1
445 2066 1
1322 1322 1
1544 2235 1
1056 1832 1
392 490 1
1111 1189 1
1388 1388 1
2128 2231 1
2138 2143 1
47 429 1
1084 1084 1
1637 2174 1
1645 1647 1
530 1637 1
489 1060 1
233 1415 1
178 399 1
560 845 1
241 1412 1
1732 1873 1
708 2094 1
1145 1168 1
1261 1348 1
713 2157 1
2288 2297 1
68 376 1
922 1653 1
435 509 1
510 1326 1
563 568 1
2159 2287 1
422 1641 1
336 1647 1
489 748 1
940 998 1
2085 2254 1
990 2030 1
2149 2330 1
1434 1444 1
603 645 1
1837 1878 1
1647 2330 1
1045 1163 1
1794 1869 1
1142 1185 1
72 391 1
1802 1868 1
2011 2051 1
41 136 1
1064 1523 1
496 1598 1
1065 1206 1
1007 1019 1
578 601 1
61 1156 1
2114 2114 1
15 489 1
2203 2265 1
715 761 1
3 859 1
240 242 1
206 510 1
1636 1646 1
887 950 1
1996 2000 1
1007 1437 1
1458 1475 1
2190 2288 1
794 2351 1
186 377 1
428 1525 1
569 596 1
564 596 1
708 2186 1
1554 1664 1
436 698 1
76 648 1
1773 1829 1
2148 2197 1
2104 2104 1
114 496 1
1478 2007 1
596 631 1
226 1468 1
2042 2072 1
2140 2231 1
71 90 1
1692 1785 1
434 622 1
977 1164 1
696 2052 1
890 1686 1
22 44 1
471 1918 1
2085 2270 1
700 1005 1
1131 1189 1
1555 1592 1
2208 2274 1
804 1653 1
1226 1245 1
1267 1330 1
196 433 1
568 621 1
2059 2059 1
224 232 1
1584 1637 1
1008 1017 1
713 1652 1
752 1631 1
1995 1997 1
27 101 1
849 935 1
77 79 1
1412 1422 1
538 714 1
600 622 1
228 1420 1
1623 2384 1
348 1153 1
584 602 1
4 1646 1
526 1697 1
1983 2033 1
375 2192 1
526 1516 1
651 1014 1
1732 1837 1
1716 1815 1
397 462 1
694 708 1
941 1153 1
322 1645 1
252 2040 1
2239 2241 1
2402 2404 1
1756 1756 1
241 1412 1
110 496 1
406 1717 1
397 841 1
205 205 1
393 2228 1
35 393 1
943 975 1
924 932 1
1064 1155 1
1094 1191 1
967 1002 1
1229 1239 1
228 1435 1
1411 1466 1
1166 1522 1
1312 1348 1
1697 1711 1
762 1464 1
2199 2224 1
2097 2132 1
1330 1358 1
2165 2167 1
235 357 1
2093 2247 1
718 814 1
554 607 1
1245 1247 1
758 2267 1
1332 1354 1
2016 2060 1
2253 2270 1
234 247 1
1211 1299 1
970 971 1
1400 1460 1
433 454 1
1773 1829 1
1995 2074 1
1997 2001 1
757 808 1
496 714 1
1412 1967 1
790 1544 1
1615 1624 1
2122 2270 1
2295 2297 1
246 247 1
47 159 1
1236 1291 1
68 572 1
160 391 1
228 233 1
470 2390 1
254 2013 1
1333 1377 1
345 346 1
26 69 1
1005 1465 1
499 708 1
2151 2180 1
179 181 1
1823 1846 1
1171 1979 1
1462 1466 1
2197 2238 1
2224 2294 1
1629 1685 1
52 100 1
445 2209 1
2203 2265 1
949 1394 1
489 1070 1
228 1476 1
771 1647 1
1228 1316 1
2364 2384 1
1062 1185 1
228 1434 1
176 1684 1
2087 2123 1
9 2401 1
233 1400 1
1954 1955 1
1021 1067 1
435 511 1
476 768 1
1954 1955 1
100 100 1
534 1525 1
2218 2270 1
346 1884 1
1253 1281 1
1423 1465 1
544 1928 1
1648 1648 1
553 554 1
405 960 1
489 1656 1
1208 1353 1
1433 1439 1
1053 1111 1
284 408 1
2197 2242 1
512 521 1
2116 2140 1
68 1133 1
386 764 1
1402 1431 1
183 1095 1
128 146 1
411 2311 1
1648 1654 1
2049 2074 1
363 445 1
1408 1425 1
266 292 1
1897 2331 1
123 185 1
708 2260 1
1401 1466 1
278 354 1
484 708 1
1466 1480 1
1120 1843 1
183 1872 1
1641 1645 1
1816 2098 1
2098 2376 1
525 2303 1
510 1264 1
304 445 1
1439 1442 1
1445 1610 1
290 461 1
2097 2100 1
284 489 1
226 1477 1
232 235 1
2101 2240 1
47 514 1
776 814 1
1733 1781 1
578 631 1
1404 1478 1
242 247 1
1673 2113 1
1439 1478 1
2163 2312 1
960 1007 1
602 628 1
785 1536 1
568 628 1
1227 1320 1
648 1458 1
1995 2049 1
396 399 1
624 629 1
1211 1259 1
1544 1544 1
277 454 1
933 1226 1
11 68 1
6 2208 1
2180 2189 1
235 246 1
1247 1310 1
1401 1412 1
34 87 1
429 536 1
1730 1785 1
1416 1457 1
1050 1085 1
303 1527 1
360 762 1
1431 1462 1
247 740 1
846 1268 1
133 186 1
23 34 1
2107 2117 1
711 819 1
189 458 1
9 393 1
1646 2330 1
1732 1823 1
1244 1316 1
1258 1360 1
1645 1684 1
1 1637 1
75 481 1
920 2004 1
459 2290 1
1465 1469 1
1096 1110 1
2084 2176 1
919 981 1
2183 2264 1
419 761 1
1326 1373 1
88 533 1
454 489 1
2091 2091 1
31 665 1
548 624 1
970 1572 1
155 185 1
2272 2305 1
272 304 1
445 1598 1
1487 1488 1
10 271 1
1722 1847 1
1528 1538 1
2116 2138 1
509 1135 1
489 2289 1
31 665 1
1396 1439 1
2060 2061 1
1419 1449 1
1326 1334 1
226 1446 1
1009 1013 1
229 244 1
1 268 1
526 614 1
1450 1455 1
1458 1475 1
797 827 1
69 318 1
118 168 1
319 602 1
2398 2398 1
2237 2239 1
471 1781 1
2186 2213 1
1243 1348 1
1299 1847 1
1043 1152 1
63 235 1
871 1641 1
1299 1310 1
1408 1413 1
1647 2232 1
2110 2159 1
378 1635 1
1261 1272 1
1236 1337 1
1065 1201 1
406 830 1
348 1154 1
373 762 1
173 177 1
943 999 1
132 400 1
489 1178 1
1404 1467 1
708 2372 1
285 682 1
1625 1651 1
1647 1657 1
124 231 1
489 1355 1
1454 1454 1
569 600 1
541 583 1
445 2255 1
1733 1768 1
68 175 1
648 1684 1
328 357 1
17 17 1
859 1660 1
354 440 1
43 51 1
751 808 1
92 172 1
1090 2288 1
509 2277 1
32 449 1
922 1448 1
405 1210 1
406 525 1
6 411 1
713 1565 1
1398 1478 1
909 2074 1
451 1281 1
1492 2182 1
923 929 1
206 489 1
1745 1865 1
1608 1660 1
1166 1180 1
1397 1445 1
43 540 1
304 792 1
304 1605 1
1638 2104 1
489 724 1
722 1584 1
1314 1351 1
1446 1451 1
292 387 1
482 496 1
1446 1449 1
2204 2395 1
308 892 1
27 43 1
95 393 1
489 1131 1
1028 1039 1
46 113 1
1626 1682 1
2143 2206 1
2 1239 1
225 229 1
814 2131 1
1439 1459 1
2101 2238 1
1466 1468 1
916 958 1
278 291 1
68 106 1
1403 1417 1
729 757 1
720 751 1
138 496 1
723 771 1
1619 1639 1
496 1467 1
1735 1825 1
999 1593 1
577 624 1
1648 1661 1
461 827 1
47 91 1
464 509 1
1812 1873 1
285 1126 1
417 418 1
264 2015 1
14 117 1
472 827 1
1412 1420 1
2387 2387 1
651 1392 1
1995 2005 1
235 375 1
1629 1646 1
680 680 1
185 201 1
136 441 1
662 1390 1
1247 1325 1
708 801 1
558 604 1
489 1073 1
433 531 1
116 172 1
1647 1648 1
797 833 1
1336 1573 1
749 934 1
1981 2005 1
1716 1749 1
43 129 1
299 494 1
344 1491 1
393 1374 1
1832 1871 1
92 489 1
1753 1772 1
440 449 1
426 501 1
1404 1457 1
1261 1330 1
433 1628 1
41 393 1
1393 1974 1
1451 1478 1
1649 1660 1
704 714 1
708 1284 1
216 247 1
517 932 1
68 966 1
2198 2206 1
2199 2297 1
1615 1630 1
66 181 1
2123 2213 1
1166 1204 1
276 427 1
1979 2021 1
510 892 1
224 1413 1
1757 1765 1
344 1470 1
1270 1291 1
1417 1433 1
10 305 1
784 784 1
2046 2058 1
1718 1865 1
1298 1355 1
1648 1658 1
50 79 1
73 167 1
2361 2364 1
1411 1449 1
344 712 1
1186 1314 1
107 658 1
430 444 1
1151 1153 1
285 448 1
299 708 1
445 1179 1
185 1505 1
1904 1904 1
1049 1201 1
2119 2235 1
89 157 1
1260 1286 1
1811 1825 1
61 146 1
1648 2311 1
706 2152 1
326 1742 1
2017 2054 1
1792 1865 1
1482 2259 1
227 383 1
1509 1515 1
1451 1466 1
1462 1476 1
225 245 1
1787 1813 1
2121 2159 1
69 76 1
160 412 1
648 1459 1
990 1108 1
1218 1385 1
788 811 1
393 1823 1
276 1143 1
49 49 1
824 2197 1
1202 1221 1
325 525 1
913 930 1
489 948 1
75 978 1
1433 1439 1
2140 2148 1
1893 1899 1
1281 1330 1
427 449 1
725 2196 1
11 493 1
235 1403 1
1979 2020 1
388 1815 1
489 1525 1
1549 1645 1
4 1663 1
531 795 1
2019 2074 1
393 2143 1
1685 2330 1
37 39 1
891 983 1
1722 1867 1
679 679 1
1164 2057 1
549 549 1
205 1158 1
723 808 1
315 866 1
510 2296 1
1188 1188 1
346 1793 1
531 531 1
1635 1647 1
2155 2233 1
621 624 1
1010 1020 1
225 246 1
1754 1850 1
1700 1710 1
1450 1452 1
922 933 1
1762 1825 1
2364 2377 1
1648 1685 1
88 92 1
148 393 1
855 858 1
489 793 1
335 1722 1
2130 2134 1
536 538 1
891 983 1
1717 1754 1
509 1476 1
1064 1176 1
1767 1856 1
185 221 1
1452 1476 1
1574 1583 1
2338 2338 1
2090 2295 1
393 708 1
515 1498 1
177 411 1
107 668 1
2206 2240 1
99 416 1
17 43 1
1447 1460 1
1423 1573 1
624 630 1
1259 1299 1
1381 1381 1
1748 1871 1
526 639 1
1428 1442 1
908 922 1
754 1089 1
825 2259 1
536 836 1
52 670 1
397 430 1
1036 1467 1
1647 2310 1
1641 1654 1
1448 1475 1
1435 1466 1
1420 1471 1
1868 1868 1
1625 1686 1
1404 1423 1
2092 2273 1
553 580 1
445 811 1
62 124 1
1547 1547 1
1296 2009 1
740 1504 1
1005 1018 1
1527 1672 1
1445 1472 1
49 61 1
176 1760 1
464 1857 1
334 1494 1
1458 1461 1
1261 1264 1
1877 1878 1
2334 2341 1
49 114 1
1465 1472 1
1752 1823 1
1716 1840 1
1 4 1
2174 2231 1
1002 1245 1
1282 1282 1
426 1525 1
1421 1466 1
510 1333 1
1124 2024 1
434 786 1
440 536 1
1020 1641 1
1637 1901 1
538 748 1
1745 1831 1
569 605 1
139 1272 1
1639 1664 1
1632 1632 1
220 235 1
365 2374 1
602 609 1
362 372 1
31 99 1
1428 1434 1
445 1624 1
1445 1478 1
2036 2037 1
902 1155 1
1443 1573 1
102 102 1
1722 2298 1
2127 2279 1
315 445 1
1421 1432 1
1055 1061 1
2122 2218 1
648 740 1
1931 1932 1
489 1214 1
2049 2074 1
68 897 1
476 865 1
138 138 1
445 2111 1
52 234 1
290 463 1
1175 1188 1
445 2289 1
1464 1465 1
2151 2296 1
244 575 1
52 234 1
437 682 1
1264 1351 1
649 649 1
1685 2330 1
706 881 1
851 851 1
509 1725 1
1432 1480 1
1732 1803 1
62 107 1
720 805 1
2162 2202 1
1123 1183 1
1425 1441 1
1429 1445 1
27 101 1
1439 1465 1
419 454 1
1718 1761 1
1258 1350 1
464 472 1
8 9 1
235 1774 1
390 445 1
399 2229 1
549 624 1
1509 1656 1
413 1864 1
1459 1472 1
2174 2266 1
80 104 1
333 992 1
489 1119 1
1509 2385 1
445 839 1
85 174 1
475 489 1
1415 1415 1
2233 2236 1
1267 1330 1
335 489 1
95 655 1
1402 1431 1
1081 1164 1
1736 1768 1
1812 1846 1
2140 2143 1
1055 1061 1
610 624 1
89 89 1
1829 1829 1
483 827 1
1034 1072 1
27 63 1
393 1700 1
2142 2197 1
73 124 1
497 497 1
1349 1381 1
516 2359 1
396 833 1
871 876 1
2122 2234 1
729 729 1
1029 1162 1
733 1589 1
43 441 1
254 2009 1
2162 2202 1
489 1492 1
1646 2386 1
1784 1800 1
364 1173 1
277 457 1
2133 2218 1
489 2259 1
526 1915 1
1706 1712 1
410 668 1
705 1647 1
119 2319 1
1110 1131 1
2126 2190 1
866 1125 1
393 1744 1
1460 1479 1
854 1540 1
729 806 1
89 185 1
445 1475 1
419 435 1
1281 1335 1
31 31 1
111 170 1
1421 1447 1
393 2232 1
1418 1477 1
471 1898 1
2040 2072 1
696 782 1
1707 1785 1
960 962 1
1716 1829 1
1156 2015 1
1069 2330 1
682 963 1
1326 1330 1
1418 1480 1
931 955 1
285 2390 1
391 1660 1
682 1504 1
1411 1465 1
229 243 1
1471 1475 1
960 1076 1
445 1709 1
1442 1443 1
379 1097 1
2396 2396 1
1806 1806 1
1823 1874 1
393 1846 1
471 2325 1
1117 1137 1
1316 1326 1
435 489 1
2167 2280 1
433 489 1
393 813 1
1757 1773 1
85 187 1
2130 2159 1
116 116 1
464 1753 1
803 1647 1
1409 1450 1
1420 1441 1
1255 1385 1
1427 1467 1
1065 1331 1
489 1197 1
288 2403 1
275 525 1
1350 1373 1
482 975 1
400 1521 1
1829 1862 1
1264 1377 1
326 1722 1
2140 2218 1
1154 1443 1
1416 1446 1
19 20 1
162 393 1
2159 2214 1
228 1451 1
1460 1573 1
602 1326 1
2123 2197 1
1141 1176 1
890 1632 1
1722 1860 1
1995 2021 1
136 458 1
1403 1460 1
2018 2018 1
322 342 1
1428 1460 1
2105 2159 1
1409 1413 1
2166 2166 1
493 2288 1
32 427 1
88 467 1
568 605 1
525 1607 1
2096 2199 1
2292 2293 1
2197 2253 1
1643 1653 1
745 827 1
409 432 1
26 1443 1
290 419 1
1999 2001 1
1415 1480 1
924 940 1
388 418 1
1275 1331 1
559 613 1
1400 1446 1
750 854 1
401 1761 1
110 114 1
2022 2077 1
1004 1009 1
457 1859 1
11 16 1
1454 1467 1
568 647 1
706 2181 1
1052 1127 1
1690 1815 1
602 1315 1
1782 1812 1
1326 1836 1
2136 2279 1
2020 2077 1
63 63 1
1661 1663 1
1211 1348 1
2253 2288 1
708 1521 1
2156 2210 1
226 1408 1
568 615 1
2042 2072 1
136 144 1
1635 1653 1
790 791 1
331 860 1
8 525 1
824 2197 1
1638 1647 1
344 1932 1
1611 1643 1
445 2092 1
1232 1356 1
1704 1745 1
391 400 1
156 445 1
2210 2330 1
1826 1826 1
796 818 1
751 808 1
893 932 1
2096 2197 1
2142 2143 1
310 393 1
256 1007 1
554 600 1
951 1060 1
1622 2134 1
43 1467 1
755 1501 1
553 589 1
1646 1648 1
87 391 1
1262 2016 1
1254 1385 1
592 604 1
400 445 1
1268 1832 1
235 1477 1
30 188 1
181 489 1
1973 1990 1
1646 1801 1
1406 1407 1
1272 1284 1
90 101 1
886 1000 1
889 962 1
1479 1549 0
1604 2237 0
1505 930 0
1171 858 0
148 2297 0
1300 58 0
461 383 0
1312 1489 0
698 2182 0
783 613 0
1500 2287 0
2014 189 0
1928 1836 0
111 572 0
233 1183 0
52 589 0
1062 615 0
712 2364 0
2374 462 0
1742 2000 0
614 1516 0
2335 72 0
2166 1211 0
1314 1287 0
90 1635 0
1476 1328 0
1325 1583 0
1060 34 0
1245 372 0
1695 1457 0
1904 2291 0
478 1405 0
1859 2064 0
275 518 0
2185 284 0
1429 2238 0
634 1562 0
1401 1806 0
629 2199 0
2053 1522 0
816 2231 0
13 1218 0
1076 2106 0
2019 724 0
144 563 0
1004 2260 0
590 1316 0
47 1073 0
1162 1214 0
2231 2264 0
1261 9 0
742 1884 0
1601 2166 0
1739 631 0
1022 328 0
1095 597 0
32 1873 0
1956 1306 0
1410 1654 0
1351 602 0
529 2117 0
720 908 0
1418 1973 0
2242 893 0
160 849 0
12 1559 0
575 1470 0
2134 2289 0
776 876 0
2307 633 0
1658 171 0
679 511 0
1787 1034 0
1626 1706 0
833 299 0
918 347 0
540 1404 0
512 2204 0
857 1363 0
2311 623 0
2298 461 0
579 1314 0
136 967 0
905 948 0
606 1519 0
723 1607 0
31 654 0
711 1849 0
700 923 0
2111 493 0
1639 417 0
1785 2131 0
1489 2005 0
2273 565 0
25 1815 0
1100 1505 0
30 1232 0
1232 326 0
1024 429 0
2128 1890 0
1322 1898 0
399 601 0
1071 223 0
1005 1210 0
1149 1837 0
1812 1442 0
1334 2133 0
1296 497 0
2385 512 0
895 2210 0
1425 2138 0
1593 725 0
71 2259 0
220 494 0
2213 648 0
501 2296 0
2176 543 0
1865 2098 0
1219 2004 0
2372 1789 0
271 1956 0
216 117 0
2 1227 0
1576 1721 0
1050 1081 0
1605 853 0
1686 1662 0
530 46 0
786 813 0
1833 247 0
1472 183 0
466 2255 0
1661 1174 0
1706 1437 0
1835 1351 0
1487 836 0
2142 1899 0
123 16 0
250 451 0
651 757 0
406 331 0
2116 1150 0
348 1672 0
2106 1024 0
1340 1066 0
2291 537 0
1645 1221 0
196 243 0
44 278 0
2071 629 0
2272 1742 0
1771 181 0
1519 323 0
2049 634 0
948 2320 0
2361 484 0
625 1254 0
1 363 0
1328 1431 0
1379 1014 0
1453 1175 0
414 968 0
459 1767 0
254 742 0
479 334 0
1372 177 0
680 541 0
765 949 0
409 585 0
2157 1597 0
124 196 0
139 534 0
1189 446 0
768 2054 0
887 1805 0
2229 679 0
715 387 0
413 886 0
924 1464 0
2147 734 0
1347 1792 0
990 1995 0
2239 1589 0
142 27 0
979 1163 0
1072 250 0
1422 1381 0
793 1219 0
853 990 0
568 996 0
289 632 0
1697 1752 0
1654 942 0
1330 1646 0
419 1848 0
973 2084 0
1641 2186 0
464 1968 0
2276 1682 0
1412 804 0
1331 764 0
2130 754 0
35 458 0
1119 1325 0
2133 100 0
463 1587 0
410 1131 0
1595 668 0
393 1707 0
1069 569 0
2234 607 0
1803 179 0
1829 1629 0
384 1915 0
845 697 0
1662 76 0
84 781 0
1197 2354 0
657 1243 0
1452 92 0
470 1628 0
1540 2397 0
1847 433 0
2354 2402 0
367 69 0
1990 667 0
1186 2193 0
1480 2128 0
1413 624 0
2253 413 0
1492 400 0
1748 1206 0
927 1051 0
2007 2273 0
2021 1998 0
1995 20 0
1190 1664 0
1213 475 0
360 159 0
2073 1282 0
2293 752 0
2392 1893 0
183 509 0
1419 845 0
114 1867 0
1752 1176 0
1028 1436 0
176 568 0
797 136 0
1967 660 0
1926 1407 0
1779 705 0
1636 1082 0
934 2247 0
2132 1377 0
397 869 0
278 218 0
1764 831 0
256 1468 0
1292 1394 0
390 784 0
57 1208 0
2122 2159 0
20 973 0
725 1093 0
859 1572 0
1428 2293 0
1857 1158 0
1051 14 0
1299 1781 0
1446 755 0
1135 1402 0
331 1846 0
2102 428 0
1435 748 0
2215 977 0
2096 1180 0
1424 308 0
43 649 0
285 1090 0
1449 579 0
1233 1355 0
1229 1835 0
849 2349 0
1270 476 0
1108 1084 0
2199 1188 0
1067 516 0
902 811 0
856 1521 0
472 1449 0
473 291 0
2280 1281 0
26 1177 0
2342 745 0
752 1353 0
1937 1450 0
1568 1656 0
2127 1554 0
1355 2307 0
1647 1008 0
2001 1439 0
396 41 0
1070 1666 0
798 1669 0
1036 2383 0
1856 1926 0
2279 975 0
933 1111 0
2015 1476 0
2228 2196 0
981 91 0
1749 1774 0
2085 470 0
377 1874 0
519 1013 0
1094 1127 0
242 587 0
1374 2243 0
1908 1332 0
1475 2104 0
1567 256 0
2061 1246 0
1444 1299 0
2264 1168 0
304 358 0
1049 146 0
1673 510 0
1819 791 0
633 63 0
2395 584 0
2163 396 0
1397 708 0
66 666 0
100 355 0
2397 2223 0
1853 966 0
1244 1461 0
696 700 0
1381 51 0
2210 1275 0
919 1722 0
1133 934 0
609 44 0
534 2143 0
2152 239 0
2315 409 0
1184 2094 0
1385 2174 0
1635 1877 0
1073 1840 0
865 1063 0
1544 1491 0
666 436 0
907 1137 0
1762 8 0
2107 600 0
2340 1071 0
1832 1814 0
2386 2351 0
1744 762 0
1634 1755 0
1443 551 0
1011 1604 0
557 1192 0
210 1933 0
10 272 0
811 1251 0
595 1070 0
1939 740 0
1800 2224 0
807 739 0
2292 37 0
179 1095 0
1129 1626 0
850 485 0
1997 2021 0
910 2034 0
2094 2140 0
632 1374 0
968 902 0
1649 657 0
795 1974 0
897 1545 0
608 280 0
1214 1417 0
1127 11 0
467 1488 0
116 523 0
1849 2396 0
2090 410 0
2267 464 0
291 29 0
2114 173 0
873 1760 0
1615 1195 0
962 1004 0
1436 1548 0
653 1330 0
1188 271 0
1015 53 0
334 1012 0
1420 610 0
1720 345 0
1602 1129 0
1772 2208 0
342 1189 0
485 161 0
1291 412 0
695 1860 0
1840 807 0
1126 408 0
841 259 0
813 1764 0
655 1801 0
64 913 0
1025 1474 0
1287 222 0
1980 1725 0
244 84 0
2156 566 0
1929 338 0
1342 2277 0
420 2295 0
103 789 0
1275 2020 0
266 2033 0
2266 2198 0
1131 1152 0
605 920 0
1054 1412 0
118 889 0
72 540 0
2359 435 0
621 577 0
375 682 0
227 1250 0
1888 489 0
1638 1283 0
827 1135 0
223 1493 0
782 2022 0
673 1625 0
1087 1166 0
499 567 0
1174 788 0
1153 1748 0
1637 415 0
1442 924 0
2016 1504 0
187 144 0
740 557 0
1823 1710 0
1284 2074 0
589 322 0
347 156 0
1653 1312 0
1206 1301 0
1814 1904 0
1851 97 0
587 1536 0
416 1094 0
1356 1681 0
1293 549 0
803 1179 0
1141 2049 0
604 1419 0
2079 517 0
1055 481 0
379 62 0
2310 1347 0
1448 343 0
1333 935 0
1616 1773 0
594 1320 0
1427 941 0
792 362 0
1137 1142 0
929 228 0
4 2388 0
2034 1749 0
2341 128 0
2296 1258 0
151 2390 0
386 694 0
1039 290 0
2092 1831 0
2205 1074 0
400 1882 0
315 1934 0
1936 2036 0
231 1487 0
1405 2386 0
787 1446 0
1676 1434 0
1792 1403 0
2046 1779 0
319 1045 0
73 2066 0
2136 1807 0
1973 1782 0
99 2220 0
1968 918 0
831 1459 0
1848 1272 0
1081 1800 0
1663 801 0
2070 2403 0
1681 1657 0
1029 760 0
1260 1339 0
268 833 0
533 2331 0
1899 2105 0
333 608 0
1210 180 0
992 201 0
391 1885 0
570 749 0
2225 1737 0
871 1765 0
1019 846 0
999 1022 0
607 139 0
588 1230 0
1729 1624 0
1768 341 0
34 905 0
1722 1888 0
27 2290 0
1610 477 0
335 1375 0
1815 2149 0
1694 2015 0
1498 1267 0
1872 378 0
246 1615 0
1093 1864 0
2118 2023 0
623 1274 0
37 1056 0
1884 2101 0
481 1033 0
977 276 0
583 10 0
1350 230 0
1534 1937 0
1584 193 0
544 1733 0
2093 561 0
617 242 0
388 2299 0
804 2249 0
521 2387 0
247 111 0
1805 1709 0
554 1868 0
365 790 0
1629 116 0
1735 1711 0
1574 2219 0
110 951 0
1063 1293 0
2248 162 0
23 1060 0
1009 2294 0
1767 406 0
2274 851 0
1221 2384 0
2396 245 0
555 2398 0
2091 1803 0
1158 1627 0
637 30 0
2404 1981 0
2204 895 0
1307 1660 0
425 594 0
2060 856 0
882 2061 0
1090 1663 0
764 533 0
851 2085 0
667 414 0
789 1908 0
2289 1638 0
16 2096 0
87 1162 0
2255 1621 0
1527 2185 0
48 1469 0
2098 651 0
949 933 0
1164 1872 0
325 1007 0
1632 275 0
613 186 0
1259 1751 0
1045 261 0
1166 710 0
805 1910 0
2349 1986 0
2110 471 0
2223 1000 0
1609 871 0
451 1529 0
639 1020 0
1065 802 0
445 1458 0
80 1990 0
2200 827 0
1295 172 0
1321 426 0
2209 1089 0
1592 361 0
1974 2018 0
1696 333 0
1117 1 0
138 1534 0
1202 912 0
2232 887 0
430 1197 0
2180 2200 0
1353 2205 0
2059 2202 0
1023 1043 0
1901 2163 0
1360 850 0
427 758 0
1875 1643 0
1458 898 0
970 501 0
886 221 0
971 1440 0
361 1397 0
264 1444 0
1286 1451 0
1344 1700 0
129 26 0
252 665 0
965 73 0
1456 283 0
2208 1413 0
1253 1996 0
1236 2258 0
2351 339 0
2260 943 0
58 420 0
401 1692 0
1373 1072 0
56 268 0
2254 2102 0
1318 737 0
2258 508 0
175 391 0
1433 1264 0
432 1318 0
836 17 0
1021 2395 0
76 1429 0
877 2053 0
567 1865 0
1525 1454 0
644 2203 0
1509 182 0
2042 562 0
1239 332 0
193 206 0
1084 351 0
229 1456 0
63 1768 0
735 542 0
490 658 0
593 405 0
1834 2391 0
270 2071 0
1396 1816 0
77 1584 0
2218 342 0
1491 2100 0
1150 1651 0
874 5 0
39 2058 0
2220 1410 0
341 1455 0
1873 1901 0
958 1447 0
597 2113 0
178 814 0
2196 1023 0
761 929 0
2265 1527 0
1414 2114 0
1784 138 0
1146 1025 0
1549 2040 0
14 785 0
2391 1649 0
1474 1356 0
1046 2356 0
283 1592 0
718 1424 0
1316 1028 0
1890 716 0
754 86 0
1983 2233 0
454 1739 0
132 490 0
161 2207 0
1881 882 0
2002 618 0
493 289 0
1390 147 0
1265 1544 0
1370 240 0
180 1064 0
2330 365 0
963 2209 0
1415 999 0
1837 1688 0
1002 2241 0
923 390 0
259 772 0
757 1811 0
1258 2274 0
2184 1120 0
167 1039 0
1736 2268 0
518 1969 0
1447 1753 0
960 1373 0
1667 586 0
1512 1477 0
101 702 0
743 647 0
1208 1298 0
2241 825 0
3 1100 0
1014 874 0
1354 277 0
1124 1730 0
2226 580 0
2174 2218 0
2179 393 0
967 445 0
1155 114 0
648 673 0
2238 1983 0
435 1686 0
1454 1173 0
1826 124 0
1417 729 0
2193 786 0
2299 818 0
1660 418 0
1910 547 0
1818 264 0
2087 505 0
581 1501 0
2139 2305 0
1440 2126 0
2214 792 0
1718 821 0
631 210 0
2101 830 0
930 2184 0
2325 110 0
2286 1928 0
1934 916 0
1432 2310 0
186 367 0
722 940 0
1754 2007 0
2312 838 0
2126 2298 0
2113 1392 0
292 2162 0
586 1409 0
474 1390 0
1407 544 0
824 50 0
484 1979 0
1033 1416 0
1451 1121 0
1755 1667 0
1986 1408 0
398 965 0
225 168 0
729 151 0
1254 1226 0
1878 1202 0
181 310 0
1478 1146 0
2088 1757 0
1528 1871 0
299 80 0
36 803 0
526 1344 0
2352 972 0
232 2359 0
1548 890 0
1495 1011 0
858 2338 0
683 57 0
832 1052 0
372 457 0
1315 2002 0
2097 432 0
2249 1606 0
1860 2042 0
559 1108 0
1038 319 0
201 88 0
1523 892 0
1813 1149 0
2383 1853 0
2303 653 0
610 824 0
771 318 0
596 427 0
762 2234 0
987 1069 0
1191 626 0
2047 1262 0
839 315 0
694 1178 0
598 2213 0
2236 68 0
1648 2216 0
1123 1794 0
909 1213 0
1250 2110 0
1670 2123 0
147 2284 0
818 1609 0
362 575 0
626 244 0
2100 113 0
107 2197 0
702 1411 0
8 1125 0
19 829 0
1332 2088 0
97 1358 0
1089 2079 0
1163 1471 0
2192 1869 0
1672 1574 0
460 89 0
1717 1331 0
998 2335 0
272 723 0
854 1648 0
697 52 0
168 1740 0
749 590 0
1740 1292 0
1102 2116 0
1180 1936 0
2338 1636 0
1874 1050 0
322 2279 0
354 1829 0
206 1156 0
2219 770 0
2203 1005 0
426 805 0
1130 881 0
417 1433 0
951 578 0
2057 376 0
1979 1611 0
185 1349 0
1598 2090 0
2135 546 0
1445 1761 0
174 205 0
415 859 0
821 1186 0
403 99 0
2376 1435 0
2202 1735 0
785 316 0
750 688 0
908 301 0
1227 1133 0
1468 2236 0
17 1049 0
1625 440 0
1142 129 0
592 2372 0
561 2111 0
234 118 0
46 1062 0
1169 1087 0
801 1677 0
1765 1833 0
966 1322 0
1125 2135 0
1470 2401 0
1262 1191 0
1408 231 0
564 1716 0
1760 1696 0
2284 751 0
1400 1685 0
290 1384 0
2105 771 0
601 713 0
1624 1821 0
230 1171 0
1669 603 0
288 1422 0
2158 36 0
240 2118 0
477 2266 0
2040 288 0
1855 133 0
345 2 0
5 2311 0
344 1155 0
772 639 0
1608 1854 0
983 499 0
2387 47 0
1066 2392 0
1666 1145 0
1725 963 0
2181 1512 0
261 112 0
301 1652 0
2216 733 0
1515 1154 0
133 981 0
305 2376 0
363 605 0
2402 1472 0
705 2325 0
2104 1754 0
1294 1825 0
277 1300 0
1836 1847 0
9 472 0
171 96 0
1403 1342 0
1538 71 0
1460 1954 0
2121 2385 0
1999 662 0
645 2001 0
1882 236 0
1606 1018 0
1111 2112 0
1177 782 0
940 1321 0
1377 176 0
1871 142 0
1128 3 0
1228 952 0
528 463 0
1688 1260 0
1165 628 0
952 2010 0
955 1855 0
1145 39 0
558 107 0
802 1697 0
1954 2242 0
364 515 0
91 1329 0
2398 1862 0
708 1414 0
2320 2136 0
2054 865 0
173 42 0
1434 1482 0
496 1475 0
1611 1861 0
1348 2189 0
1619 1567 0
682 384 0
448 1647 0
1411 1634 0
1349 1771 0
2197 1822 0
1664 2167 0
881 496 0
1151 958 0
1450 2150 0
2334 305 0
387 103 0
2010 2239 0
536 2312 0
1272 983 0
566 1128 0
85 2361 0
745 1190 0
2119 448 0
433 1265 0
1932 552 0
323 1418 0
1969 335 0
510 1261 0
1335 720 0
2270 2254 0
1652 2014 0
2233 2011 0
1996 909 0
794 425 0
1178 1673 0
2167 548 0
1421 220 0
489 1017 0
1690 2214 0
1821 1467 0
61 2151 0
434 877 0
941 2127 0
2030 1812 0
373 910 0
891 28 0
1501 1401 0
1056 15 0
889 1415 0
1621 2119 0
2036 1658 0
1677 482 0
332 1802 0
405 1360 0
2151 637 0
658 715 0
1657 938 0
546 907 0
1052 466 0
170 19 0
243 998 0
2243 527 0
376 1631 0
351 970 0
830 90 0
1398 1565 0
670 2134 0
1195 1038 0
1053 1204 0
1745 2013 0
1559 1201 0
714 1573 0
618 1517 0
2117 246 0
358 979 0
1958 559 0
1707 397 0
458 285 0
806 1216 0
1862 165 0
2084 1425 0
898 1428 0
1074 1819 0
1554 1448 0
548 1336 0
346 2152 0
876 987 0
755 13 0
1825 449 0
770 1326 0
1607 2269 0
1918 2179 0
2287 622 0
758 1630 0
1811 2052 0
2189 841 0
418 336 0
276 43 0
128 1126 0
2112 1184 0
1806 6 0
1013 1602 0
1402 819 0
2072 1295 0
104 798 0
326 1911 0
1298 1165 0
1656 4 0
188 1515 0
1547 87 0
1388 1354 0
1243 1813 0
108 474 0
235 1244 0
1020 765 0
2206 2225 0
88 241 0
1737 1832 0
931 655 0
29 1851 0
1110 320 0
622 1053 0
1521 386 0
1651 419 0
1773 695 0
739 403 0
531 1605 0
392 743 0
436 1106 0
1998 1622 0
28 1372 0
113 226 0
1086 478 0
1462 1161 0
2074 1009 0
1138 583 0
1274 718 0
2131 1086 0
1097 1661 0
1406 252 0
1782 1619 0
308 1718 0
1488 521 0
156 202 0
893 359 0
1012 2276 0
1148 2316 0
2149 564 0
1082 1055 0
1423 538 0
1719 2156 0
2297 806 0
1457 401 0
2022 1259 0
509 860 0
153 2334 0
912 1124 0
569 609 0
1282 2047 0
511 174 0
157 854 0
1120 592 0
688 2107 0
284 1955 0
1176 2009 0
585 1253 0
1161 1427 0
1375 1398 0
1477 1555 0
218 1465 0
2005 411 0
2033 768 0
1867 56 0
471 2092 0
1008 2226 0
1329 1352 0
338 522 0
79 1999 0
383 1639 0
710 1690 0
2159 1430 0
748 873 0
624 1902 0
935 735 0
2261 696 0
2377 1616 0
1971 254 0
475 1598 0
1809 795 0
829 683 0
2319 1576 0
577 344 0
2024 104 0
483 1623 0
733 2265 0
737 75 0
810 1245 0
1431 1939 0
1789 2139 0
1168 1076 0
649 919 0
1152 1002 0
1711 392 0
916 2215 0
1646 31 0
1685 1498 0
572 2190 0
1192 1480 0
177 536 0
1326 604 0
339 22 0
1730 115 0
1283 2093 0
1704 1400 0
1439 2253 0
222 1698 0
1751 377 0
159 444 0
2290 714 0
2268 2192 0
117 1102 0
221 2404 0
1972 2240 0
713 1736 0
2052 555 0
920 1153 0
1201 816 0
2004 2292 0
1573 1717 0
316 459 0
1757 1143 0
543 375 0
2017 270 0
846 1859 0
1384 808 0
2123 35 0
527 2046 0
2390 1684 0
162 49 0
2000 593 0
357 1645 0
922 48 0
1204 2089 0
224 2148 0
814 797 0
1583 1065 0
2321 1494 0
1441 1653 0
1301 2321 0
1000 2017 0
734 1595 0
320 2340 0
1698 1123 0
11 32 0
668 232 0
1018 1783 0
1529 670 0
1247 123 0
1902 1732 0
1467 560 0
41 1296 0
1106 2229 0
2388 1958 0
213 931 0
1794 1478 0
1064 1185 0
92 2030 0
1336 1010 0
310 2181 0
1753 153 0
1007 2060 0
551 1379 0
2178 1445 0
337 1228 0
343 224 0
2356 1333 0
1692 379 0
662 1335 0
2058 1695 0
1684 866 0
69 1523 0
1337 219 0
615 2261 0
444 354 0
1310 1294 0
522 1593 0
2288 706 0
70 2157 0
2186 680 0
2182 213 0
943 1443 0
523 1826 0
280 1784 0
2259 1340 0
1339 704 0
165 1785 0
1822 2087 0
1516 793 0
2023 1462 0
1756 1787 0
1710 1670 0
155 79 0
1565 1601 0
336 581 0
1092 233 0
112 1097 0
1061 479 0
560 1021 0
1846 1164 0
189 23 0
318 399 0
1010 891 0
781 1046 0
654 2341 0
1522 722 0
913 614 0
1363 529 0
62 1971 0
1430 1432 0
89 388 0
1562 1479 0
446 1270 0
428 1967 0
497 1350 0
1623 398 0
1589 530 0
476 1393 0
541 1762 0
462 1540 0
1716 1500 0
2331 922 0
525 1138 0
584 357 0
2235 2165 0
517 2377 0
2269 1029 0
1085 598 0
182 1229 0
1555 645 0
872 1284 0
825 1348 0
1156 761 0
538 1110 0
95 266 0
494 1719 0
1394 292 0
1622 234 0
1459 955 0
2190 711 0
422 1466 0
665 1233 0
647 2352 0
1392 12 0
995 2072 0
516 2178 0
978 188 0
359 2183 0
1702 101 0
228 454 0
2162 995 0
1255 170 0
808 750 0
1893 1809 0
1183 2073 0
2077 1441 0
508 644 0
779 160 0
2140 2272 0
1572 630 0
704 519 0
1096 978 0
1404 77 0
2364 1148 0
411 1307 0
1575 514 0
2384 1856 0
1173 1843 0
515 776 0
102 2303 0
796 460 0
74 175 0
2183 187 0
563 596 0
838 2037 0
724 2248 0
1464 2206 0
1571 1932 0
42 558 0
1783 325 0
975 1931 0
1801 625 0
2294 1823 0
1915 528 0
1393 1302 0
1807 2130 0
2305 606 0
1507 2155 0
706 1239 0
1461 2315 0
660 74 0
146 1036 0
1179 1507 0
1465 1744 0
482 932 0
1416 2393 0
22 2070 0
2401 437 0
1352 1729 0
1306 61 0
2150 416 0
1216 1268 0
784 1694 0
1712 1980 0
2013 1509 0
1955 1420 0
437 227 0
1251 2232 0
537 2019 0
819 337 0
1302 810 0
2138 1641 0
239 1637 0
869 95 0
950 303 0
890 1756 0
1493 1528 0
2037 483 0
328 467 0
1320 2142 0
1017 783 0
355 373 0
2020 1772 0
1700 441 0
50 1310 0
1437 1929 0
1850 992 0
2011 2280 0
2064 2051 0
441 225 0
2295 2121 0
788 1337 0
1175 2267 0
226 2024 0
996 1997 0
15 1151 0
1854 1119 0
307 2147 0
1630 780 0
1816 1019 0
1536 2288 0
938 434 0
2207 1575 0
202 1453 0
892 1495 0
6 1236 0
1877 1972 0
1628 595 0
1861 855 0
602 1538 0
1281 235 0
1230 2091 0
2198 106 0
1597 1085 0
1466 307 0
542 2330 0
1267 348 0
1898 1015 0
219 2057 0
53 787 0
75 157 0
1802 1897 0
578 1875 0
303 1406 0
205 64 0
1143 1568 0
1587 1857 0
408 2016 0
603 1676 0
780 1745 0
972 1460 0
1631 1610 0
2277 570 0
106 897 0
547 163 0
2224 1286 0
1627 148 0
1211 1061 0
1981 1878 0
2393 2122 0
1226 2319 0
791 2097 0
1931 364 0
1517 1096 0
1185 1291 0
245 1315 0
2247 553 0
1761 1918 0
562 1525 0
2165 360 0
1709 960 0
2316 1169 0
790 1571 0
86 119 0
2066 1547 0
828 2286 0
1831 304 0
565 872 0
236 2180 0
2237 155 0
2240 2374 0
505 698 0
1885 2176 0
549 663 0
716 950 0
1733 229 0
1933 621 0
1643 85 0
514 1793 0
1682 1720 0
2051 1632 0
2155 2077 0
1121 857 0
663 1117 0
2403 1385 0
1545 617 0
163 1702 0
1732 794 0
2089 971 0
2009 1396 0
1358 132 0
630 525 0
378 2059 0
96 1247 0
760 2235 0
1897 1492 0
1268 1818 0
1864 1054 0
1034 178 0
1471 25 0
553 1370 0
932 526 0
457 422 0
1774 1255 0
440 712 0
751 828 0
49 1712 0
1469 1452 0
1246 1608 0
115 66 0
449 473 0
241 1834 0
1043 2270 0
866 167 0
1869 1850 0
628 1067 0
1264 2158 0
580 2228 0
2148 832 0
1409 216 0
942 1388 0
1455 2342 0
1843 2132 0
1781 1421 0
51 102 0
2143 1092 0
68 1334 0
172 962 0
1482 1881 0
429 779 0
860 1141 0
552 531 0
412 70 0
600 796 0
855 927 0
1911 430 0
1494 839 0
2018 1423 0
1218 1130 0
1721 1704 0
1504 588 0
1154 108 0
772 613 0
2293 750 0
2017 2193 0
475 422 0
697 1489 0
1931 632 0
934 631 0
341 151 0
1498 1725 0
1956 1711 0
1574 365 0
1067 173 0
461 1176 0
893 1639 0
1322 1748 0
851 2215 0
167 568 0
1983 116 0
716 580 0
168 1173 0
658 213 0
1897 2020 0
533 1084 0
124 784 0
80 123 0
1871 47 0
96 1148 0
2196 1765 0
1635 546 0
796 1092 0
1756 2074 0
365 657 0
543 960 0
2249 694 0
2204 2376 0
810 715 0
605 1259 0
1039 1826 0
555 1744 0
735 1972 0
1239 1733 0
579 271 0
218 886 0
839 559 0
95 2167 0
540 1082 0
1851 2134 0
188 2149 0
2135 967 0
1719 2179 0
1008 1635 0
1751 1660 0
2151 1197 0
25 10 0
159 457 0
927 2388 0
1267 2297 0
1939 1218 0
202 2037 0
682 1073 0
226 2051 0
1592 236 0
845 1764 0
11 179 0
148 910 0
2104 1902 0
1094 2351 0
362 1398 0
2174 234 0
72 1974 0
241 1282 0
1335 1384 0
2136 881 0
1356 403 0
1108 357 0
1457 291 0
1958 621 0
230 2100 0
593 562 0
153 876 0
2266 275 0
1829 307 0
824 596 0
1813 2079 0
932 16 0
1090 1062 0
1164 723 0
1023 930 0
139 178 0
784 2059 0
1890 39 0
1260 1154 0
484 1347 0
1862 1904 0
2219 13 0
2155 918 0
104 1439 0
2197 1872 0
376 1374 0
2377 113 0
409 1773 0
68 1822 0
178 1351 0
1097 510 0
1528 1056 0
301 2330 0
1087 1251 0
1690 942 0
1663 536 0
1000 2210 0
1628 1405 0
1898 739 0
2122 902 0
252 2046 0
1244 1521 0
1548 601 0
902 1211 0
1355 516 0
51 497 0
493 1065 0
1464 2269 0
2184 183 0
107 706 0
1696 597 0
1358 2147 0
960 2138 0
2011 779 0
882 1123 0
182 1443 0
1632 1464 0
1418 51 0
922 856 0
2107 2005 0
1807 2101 0
1233 1307 0
2315 1488 0
1336 1150 0
1445 2023 0
1467 1245 0
2127 2084 0
1321 1243 0
711 1663 0
1349 1929 0
561 363 0
2119 2267 0
1475 1528 0
1489 472 0
720 1474 0
2372 1158 0
1712 1762 0
2100 460 0
1158 898 0
435 1195 0
358 477 0
1718 855 0
206 240 0
1873 633 0
2199 310 0
869 1565 0
680 634 0
1210 1805 0
1221 1834 0
1352 172 0
1259 171 0
1123 227 0
1672 1152 0
1888 1162 0
2022 1990 0
792 1936 0
1742 581 0
1124 1567 0
1649 1814 0
1036 1980 0
795 206 0
379 223 0
1453 85 0
1645 398 0
1029 1504 0
1834 955 0
1191 814 0
1980 1349 0
4 1090 0
430 1161 0
2229 1050 0
1202 1908 0
1440 2255 0
1744 2018 0
210 647 0
2024 87 0
1833 1615 0
2331 1716 0
2364 2392 0
998 1432 0
1127 1757 0
19 1956 0
2163 406 0
2190 1608 0
1197 133 0
2132 622 0
111 515 0
1540 673 0
1046 2319 0
1882 1133 0
1598 114 0
2014 144 0
2121 1401 0
1855 1229 0
501 415 0
1409 373 0
17 2249 0
1454 1722 0
41 186 0
1213 570 0
384 558 0
1576 893 0
2296 1145 0
2220 84 0
2087 1782 0
361 1627 0
367 2070 0
2267 683 0
113 971 0
1201 2207 0
981 1850 0
510 2024 0
1781 786 0
1165 245 0
794 1096 0
2178 2040 0
910 1270 0
1211 1415 0
1251 1673 0
1439 196 0
1429 564 0
1360 649 0
372 1457 0
1662 2242 0
277 1911 0
100 1253 0
819 577 0
128 549 0
1013 1210 0
1070 1861 0
292 1525 0
1902 2397 0
1479 1002 0
1971 829 0
930 305 0
549 1284 0
624 52 0
2007 1039 0
1246 1707 0
1347 586 0
1350 1654 0
1840 920 0
1729 449 0
1247 1629 0
1415 2004 0
1397 1011 0
2001 1881 0
1416 1652 0
523 1043 0
2392 182 0
1522 1190 0
1505 720 0
2064 968 0
782 444 0
319 304 0
2295 802 0
2280 705 0
2182 2058 0
151 593 0
2053 1180 0
1414 1397 0
123 1254 0
1093 2291 0
1089 2009 0
1477 949 0
2123 1803 0
2033 162 0
1676 1507 0
415 2163 0
907 1138 0
816 1983 0
949 372 0
1377 889 0
1052 2001 0
346 713 0
47 2359 0
2294 1664 0
1460 464 0
171 2150 0
1926 1709 0
1469 1149 0
2397 1685 0
2264 734 0
1806 1630 0
1084 2200 0
328 1471 0
1937 508 0
1544 1165 0
1459 1792 0
1174 505 0
305 467 0
70 106 0
2210 278 0
246 1670 0
436 1812 0
1695 1616 0
1344 811 0
2005 1958 0
923 34 0
1764 557 0
411 873 0
1843 1867 0
1025 892 0
458 1855 0
1529 748 0
1066 2180 0
818 2213 0
1138 205 0
235 1835 0
623 1442 0
176 5 0
1607 1348 0
1745 716 0
355 530 0
254 537 0
1694 1732 0
2015 859 0
546 332 0
1452 153 0
577 19 0
628 1604 0
1606 1784 0
1730 525 0
2186 1206 0
61 560 0
66 1403 0
53 2021 0
889 1287 0
1379 592 0
1351 36 0
12 379 0
1398 828 0
2361 776 0
242 174 0
897 1414 0
1710 2189 0
233 73 0
174 1710 0
609 136 0
1874 392 0
996 1264 0
2165 1813 0
1638 1754 0
762 2233 0
1534 1884 0
1686 89 0
1471 1736 0
275 1110 0
232 2036 0
830 743 0
1022 2260 0
2247 1512 0
749 665 0
1227 2089 0
578 1053 0
92 1314 0
505 1478 0
1082 132 0
1955 1025 0
181 1779 0
521 2087 0
541 757 0
548 210 0
1214 322 0
1060 1622 0
1375 1624 0
48 2176 0
2147 1469 0
1331 1228 0
1430 2316 0
2047 1898 0
1296 1771 0
522 1093 0
859 1246 0
2376 348 0
1255 2156 0
1219 696 0
1184 1302 0
1149 1274 0
343 202 0
422 998 0
1329 1151 0
808 654 0
2291 1882 0
1815 849 0
1178 972 0
2052 1121 0
58 1071 0
1973 941 0
1229 519 0
990 1632 0
1822 2097 0
1086 841 0
950 1330 0
951 2105 0
1396 2190 0
1316 479 0
2089 1853 0
29 280 0
666 2077 0
316 1692 0
2287 608 0
999 1404 0
1869 326 0
971 2007 0
2157 1802 0
783 1045 0
2335 648 0
1169 470 0
1142 2204 0
1716 2258 0
2105 1012 0
1411 2085 0
2330 658 0
440 2276 0
1736 1864 0
1063 2384 0
588 1595 0
1394 115 0
2384 148 0
39 2132 0
284 1587 0
607 637 0
1501 1559 0
2215 1491 0
647 2185 0
874 996 0
1725 832 0
739 396 0
1404 1325 0
1422 68 0
1491 476 0
665 1296 0
1470 569 0
2299 230 0
1102 1954 0
2198 1202 0
1783 1072 0
1604 833 0
1658 119 0
1443 1593 0
2334 463 0
332 605 0
1420 1163 0
434 6 0
444 1283 0
833 1400 0
1054 531 0
1657 932 0
2000 17 0
2077 1054 0
1354 1548 0
933 2208 0
114 1164 0
583 2403 0
110 1379 0
414 1298 0
224 1447 0
1847 1901 0
871 344 0
1312 1456 0
1493 927 0
2020 1536 0
1137 1216 0
116 526 0
76 1024 0
2207 590 0
1301 554 0
1423 288 0
2351 1135 0
2218 4 0
1565 1213 0
537 662 0
1150 962 0
1081 700 0
858 2277 0
304 807 0
2261 1322 0
331 1684 0
1179 874 0
1283 1979 0
804 1233 0
1509 2165 0
1325 2010 0
1056 603 0
1055 244 0
2349 1592 0
1831 1928 0
432 1130 0
807 347 0
760 752 0
364 2155 0
2085 1720 0
2284 2298 0
1353 1785 0
679 1751 0
604 1108 0
1626 2240 0
1575 725 0
977 733 0
580 471 0
654 1995 0
2255 1067 0
1653 1189 0
288 1926 0
846 2011 0
189 1153 0
1754 523 0
2260 618 0
1597 26 0
805 2116 0
280 250 0
490 1244 0
1131 1014 0
2279 1013 0
64 895 0
1069 99 0
1390 764 0
1028 527 0
1504 1046 0
1291 1260 0
1468 1523 0
2037 629 0
1779 1735 0
552 79 0
482 1413 0
339 2377 0
517 2385 0
866 584 0
2340 12 0
1161 1761 0
345 555 0
136 292 0
737 1448 0
995 517 0
1500 2143 0
2321 1666 0
428 1653 0
1681 1329 0
2209 1677 0
1507 2098 0
1899 1146 0
477 410 0
119 458 0
338 1155 0
2383 533 0
2180 1028 0
334 2 0
1631 1020 0
62 1932 0
1007 181 0
245 667 0
494 414 0
1190 1860 0
1268 1355 0
589 110 0
558 2014 0
633 328 0
725 1910 0
1340 270 0
758 1873 0
138 791 0
1073 963 0
748 1657 0
79 1312 0
1611 138 0
1180 161 0
354 1334 0
856 1412 0
1300 187 0
1381 1538 0
1151 1643 0
909 1656 0
798 97 0
1832 782 0
474 1971 0
2290 1127 0
473 1487 0
1536 1301 0
1837 276 0
2224 1333 0
827 610 0
1120 952 0
667 2311 0
780 1444 0
1629 272 0
85 1175 0
551 2093 0
1670 2017 0
406 180 0
34 1429 0
2292 788 0
1492 25 0
765 882 0
2359 299 0
1444 103 0
1272 2295 0
785 1697 0
1072 729 0
1095 2130 0
102 1667 0
378 367 0
2138 977 0
1933 1856 0
1173 170 0
1449 602 0
1519 418 0
630 992 0
2234 408 0
1753 1221 0
1476 1752 0
1186 168 0
471 37 0
417 1227 0
363 529 0
322 1823 0
886 1607 0
850 958 0
335 679 0
764 2272 0
336 42 0
751 2096 0
401 146 0
