0 99
0 514
0 585
0 690
0 784
1 153
1 732
1 1937
5 36
5 63
5 97
5 916
5 949
6 20
6 64
6 663
6 682
7 616
8 1986
9 158
9 202
9 260
9 559
9 820
9 970
10 390
11 945
12 508
13 250
14 544
14 868
14 1630
17 601
18 59
18 847
20 663
22 118
22 303
22 335
22 390
22 469
22 599
22 899
23 309
24 127
24 392
24 406
25 357
25 461
25 655
25 683
26 263
26 1634
27 393
28 54
28 153
28 275
28 390
28 522
28 633
28 748
28 987
28 999
29 740
29 792
29 793
29 818
29 859
30 471
30 505
30 1282
30 1650
30 1788
30 1991
30 2064
30 2149
31 297
31 471
31 732
31 1282
31 1357
31 1489
31 1740
31 2202
31 2665
31 2774
31 2812
31 3028
32 665
32 686
32 687
32 697
32 845
34 180
34 573
34 697
34 828
34 829
34 1587
35 500
35 643
36 97
36 661
36 916
37 79
37 182
37 310
37 444
37 828
37 1267
39 488
39 1010
40 146
40 177
40 411
40 480
40 621
40 625
40 660
40 849
41 418
41 2773
42 487
42 488
44 632
45 733
45 751
47 778
48 106
48 422
48 748
49 847
50 763
51 318
51 355
51 356
51 364
51 390
51 438
51 439
51 470
51 481
51 516
51 597
51 616
51 1005
52 612
53 309
54 67
54 184
54 390
54 522
54 699
54 748
54 998
54 999
55 971
55 972
55 2196
56 505
56 1492
56 1824
56 3291
57 157
57 1127
57 1536
57 1608
57 1769
57 1981
58 180
58 390
58 414
58 439
59 604
62 2593
63 97
63 274
63 661
63 916
63 949
64 91
64 210
64 239
64 569
64 643
65 152
65 218
65 992
67 176
67 616
67 748
67 998
67 999
68 301
69 276
69 338
69 356
69 372
69 516
70 750
71 190
71 939
72 674
73 894
74 991
75 495
77 735
77 916
78 505
78 534
78 732
79 103
79 460
79 828
79 1019
79 1724
79 2677
82 390
82 658
83 274
83 643
84 743
84 986
85 366
85 697
85 698
85 699
86 272
86 460
86 461
86 539
86 585
86 626
86 769
86 797
86 1006
87 87
87 597
88 152
88 154
88 779
88 780
88 905
88 1281
88 1998
88 1999
89 548
90 862
90 1631
91 795
93 763
93 800
94 285
94 373
94 374
94 444
94 445
95 571
95 574
95 698
95 2923
96 913
96 997
97 329
98 390
98 699
99 723
99 952
101 542
102 267
103 272
103 390
104 129
104 131
104 134
104 140
105 176
105 180
105 275
105 422
105 522
105 699
105 714
105 748
105 998
105 999
106 291
106 390
106 422
106 442
106 522
106 554
106 714
106 998
106 999
107 265
107 276
107 338
107 372
108 173
108 383
108 838
108 1494
109 848
110 584
115 569
116 410
121 643
121 814
121 866
122 263
122 471
122 1004
123 310
123 547
123 668
124 881
125 822
126 243
126 617
127 471
129 589
130 182
130 1498
130 2361
132 564
133 323
133 1098
134 691
135 319
135 370
135 610
136 643
136 809
137 330
139 495
139 731
140 589
141 144
141 418
141 1002
142 472
143 704
144 146
144 416
144 453
145 472
145 542
146 230
146 418
146 822
146 907
147 390
148 230
149 325
149 326
149 637
149 1701
150 637
150 1509
150 1701
151 390
151 598
152 266
152 291
152 573
153 275
153 390
153 422
153 522
153 714
153 748
154 291
154 483
155 390
155 699
156 390
157 641
158 568
158 583
158 970
159 285
159 291
160 596
161 309
163 290
164 353
164 952
166 731
167 291
167 390
167 608
167 639
167 799
168 608
169 293
170 306
170 348
170 494
171 506
171 817
172 1168
172 1934
173 384
173 514
173 838
174 410
174 509
175 479
176 390
176 830
176 987
176 998
177 230
178 232
179 438
179 471
179 573
179 779
179 1921
179 1991
180 303
180 572
180 688
180 717
180 842
180 987
181 847
182 523
183 185
183 452
183 2207
184 422
184 586
184 714
184 999
184 1000
184 1249
184 1761
185 3043
185 3267
186 847
186 966
188 531
188 791
188 814
189 391
191 409
191 661
191 847
192 607
193 758
195 753
196 389
196 973
197 898
198 416
199 606
200 582
201 838
201 1494
201 2125
202 387
202 584
202 654
202 932
202 933
203 239
203 274
204 204
204 650
205 670
206 507
206 1628
208 495
208 659
209 347
209 641
210 279
210 682
212 439
213 293
213 397
213 447
214 654
215 672
216 291
216 684
217 591
217 615
217 724
218 1247
218 1489
218 1724
218 2401
219 390
219 681
220 619
221 390
223 708
224 697
227 753
228 295
228 305
230 411
230 480
230 621
230 625
231 390
232 295
232 305
233 390
234 571
235 1068
235 1226
235 1568
236 295
237 979
238 608
239 498
239 704
240 386
240 584
240 654
241 410
241 659
242 847
242 979
243 617
244 364
244 483
244 547
244 926
245 722
247 933
247 1003
248 390
248 681
249 388
250 691
251 302
251 364
251 438
251 517
251 668
251 669
251 699
251 1956
252 290
253 364
253 390
253 439
253 547
253 926
255 654
257 556
257 573
258 944
259 364
259 439
259 483
259 547
260 290
261 523
262 272
262 373
262 471
262 780
262 887
263 283
263 311
263 344
263 424
263 425
263 460
263 566
263 768
263 769
263 840
264 723
265 501
265 567
265 655
265 888
266 297
266 685
266 732
266 2081
266 3191
267 780
268 561
268 668
269 878
271 488
271 643
271 644
271 690
272 310
272 471
272 516
272 827
272 887
273 432
274 735
275 619
275 697
275 956
275 987
275 1249
276 463
276 471
276 555
276 580
276 581
276 827
276 888
276 901
277 951
278 310
278 444
278 828
278 1175
278 1267
278 1724
278 2464
279 358
279 2292
279 2969
280 324
280 917
281 418
282 631
283 311
284 732
284 1513
285 471
285 697
285 2482
286 545
287 337
287 692
287 846
288 615
288 917
290 784
291 317
291 336
291 356
291 445
291 462
291 470
291 501
291 516
291 590
291 640
291 673
291 683
291 694
291 708
291 746
291 926
291 927
291 1714
291 3130
293 396
293 651
293 778
294 588
295 475
295 602
295 634
295 771
295 882
296 447
296 655
296 1007
297 504
297 541
297 797
297 802
297 1232
297 3015
299 648
301 2245
302 438
302 439
302 746
302 804
302 911
303 390
304 304
304 634
305 1512
305 1710
306 615
307 847
308 1986
310 699
313 315
314 315
314 643
314 661
317 390
318 390
318 481
318 597
320 730
320 736
320 737
320 1009
322 685
323 512
323 513
323 514
324 326
324 1701
325 326
325 637
325 917
325 1509
325 1701
326 637
326 917
326 1701
327 637
327 917
327 1509
327 1701
328 617
328 661
329 821
329 948
332 597
332 799
332 2342
333 722
334 756
336 390
338 471
338 555
338 581
338 655
338 827
338 888
338 901
338 902
339 813
339 3158
341 1560
343 869
343 1804
344 2570
345 857
346 477
347 719
348 630
348 643
348 848
348 982
349 619
350 515
350 615
350 985
351 354
352 353
352 354
352 2583
353 354
353 421
354 2579
354 2585
354 2586
354 2770
355 356
355 364
355 483
355 747
355 772
355 976
355 977
355 1004
356 747
357 888
358 359
360 419
362 971
363 363
363 390
363 765
364 439
364 470
364 481
364 482
364 483
364 516
364 517
364 523
364 525
364 673
364 701
364 745
364 777
364 804
364 910
364 918
365 439
365 799
365 1004
365 2446
366 700
367 488
368 488
369 477
370 1337
372 502
372 655
372 1007
373 444
373 2463
375 630
377 673
377 1001
377 2371
378 947
378 2339
378 2596
379 954
380 537
381 605
381 684
381 713
382 390
382 391
382 439
383 384
383 514
384 838
385 386
386 584
386 932
387 434
387 649
387 650
388 579
388 676
389 467
389 584
390 391
390 414
390 444
390 445
390 455
390 462
390 470
390 482
390 507
390 516
390 517
390 576
390 597
390 658
390 668
390 673
390 680
390 694
390 698
390 700
390 701
390 702
390 706
390 711
390 746
390 772
390 773
390 799
390 802
390 804
390 812
390 880
390 929
390 1000
392 914
393 940
394 506
394 847
394 938
395 397
396 397
396 723
396 778
397 652
397 778
399 951
400 401
400 402
400 405
400 693
401 402
401 404
401 405
401 3183
402 3185
404 405
404 693
404 1343
404 3183
405 2134
406 789
407 812
408 516
409 847
410 411
410 570
413 2466
414 439
416 418
416 453
416 879
416 1003
417 453
417 810
417 822
418 453
418 822
418 1002
421 1262
422 586
422 633
422 714
422 987
422 1899
423 952
424 426
427 763
428 673
429 732
429 1408
429 1409
429 1710
431 868
432 705
432 855
432 915
433 915
434 506
435 847
436 847
437 438
438 745
439 444
439 445
439 481
439 482
439 483
439 525
439 597
439 680
439 702
439 747
439 755
439 918
441 645
441 774
441 880
441 1531
441 2447
444 445
446 909
446 3273
447 535
447 744
447 778
447 800
447 967
448 810
450 710
450 896
451 773
452 605
454 817
456 698
456 927
457 458
459 573
459 697
460 539
460 685
460 1006
460 2361
460 3156
460 3159
461 888
462 556
462 609
464 739
464 2745
467 767
471 510
471 556
471 566
471 697
471 780
471 802
471 1169
471 1199
471 1232
471 1357
471 1383
471 2221
471 2812
471 3015
472 822
473 767
473 822
475 476
475 558
475 742
477 753
477 951
478 868
481 482
481 483
481 616
481 698
481 1004
482 697
483 516
483 525
483 597
483 702
483 926
488 488
488 790
488 833
488 955
488 1010
490 805
491 635
492 570
493 907
493 979
494 767
494 1003
495 659
495 667
495 743
495 935
495 979
499 691
501 502
501 1004
501 1007
502 508
502 664
502 1004
502 1007
503 634
504 510
504 747
505 534
505 732
506 721
506 843
506 847
507 541
509 847
509 848
510 566
511 691
515 629
515 848
516 699
516 745
516 747
516 805
516 976
516 977
516 1004
517 525
517 871
518 952
519 847
521 701
522 616
522 987
522 1374
522 1460
522 1464
524 971
525 590
528 528
529 847
530 2987
531 810
533 533
534 732
534 862
536 564
537 655
538 673
542 791
543 851
546 548
547 572
547 573
548 986
549 572
549 574
549 575
549 616
549 646
549 698
551 679
551 680
552 637
553 673
553 1951
553 2161
553 2728
553 2791
554 1000
554 1642
555 901
556 829
556 2266
559 753
561 561
561 655
561 669
564 775
564 975
565 852
566 770
566 802
569 600
569 612
569 866
570 659
571 616
571 697
571 698
572 573
572 574
572 616
572 697
572 698
572 841
573 689
573 829
575 616
575 698
576 873
577 965
577 3209
578 608
580 581
583 612
583 847
587 808
588 739
591 724
591 978
591 1017
592 615
592 685
592 739
592 1226
592 1568
594 595
594 847
595 847
598 599
603 661
604 850
605 993
607 849
608 639
608 706
608 896
609 828
609 1019
609 3162
610 715
610 1706
611 613
611 644
611 950
612 955
614 2362
615 3205
616 668
616 694
616 714
616 998
616 999
616 1000
616 1714
616 2018
617 916
619 699
619 700
619 1004
620 623
621 623
621 624
622 982
623 623
623 624
624 625
626 2276
627 823
628 753
628 1243
628 1461
629 629
629 630
629 985
631 979
631 980
631 988
631 995
631 1003
631 1009
632 868
633 956
634 749
634 819
635 870
635 961
638 3046
639 640
639 799
641 719
643 661
643 663
643 807
643 808
643 814
643 840
643 866
643 893
644 1010
645 880
645 1633
646 732
646 1282
646 1650
646 2150
648 2181
651 691
651 928
651 986
653 2895
654 932
656 657
657 663
659 660
659 722
659 750
659 979
659 1003
659 1009
660 875
660 986
661 674
661 835
661 877
661 908
662 877
663 831
663 858
665 727
665 728
665 768
665 2081
666 667
668 698
668 701
668 802
669 699
672 2420
672 2437
673 762
673 839
677 678
677 867
677 1394
677 1747
677 1984
678 1747
680 934
681 2461
685 686
685 687
685 697
685 769
685 845
685 903
685 905
686 887
686 905
686 1678
686 1876
686 2494
686 2669
687 769
687 887
687 905
687 1876
687 2686
688 841
691 898
691 1009
695 753
695 1301
695 1960
697 698
697 700
697 887
698 700
698 701
698 805
699 700
699 746
699 748
699 755
699 842
699 906
699 987
699 1000
701 799
703 892
704 751
704 752
704 855
705 1420
706 772
706 773
706 946
707 708
707 799
711 960
712 750
712 847
713 798
714 748
714 956
714 999
714 1000
715 2739
716 2961
718 877
720 759
721 722
725 876
725 2340
727 728
727 768
727 968
728 768
729 730
729 737
729 1009
730 737
730 847
730 942
731 907
731 979
732 780
732 862
732 876
733 734
733 855
734 751
735 813
736 737
737 954
738 739
740 793
741 847
741 1009
743 979
745 746
745 804
745 805
745 910
746 747
746 772
746 804
747 804
747 910
747 911
748 956
748 1000
750 979
750 986
751 752
752 994
752 996
753 811
753 853
754 801
754 802
754 1254
757 758
760 847
762 1001
762 1376
763 805
764 919
767 822
768 1876
769 1273
769 2686
770 771
772 804
772 896
774 2118
775 847
775 857
779 887
779 1279
779 1664
779 2202
779 3028
780 1006
780 1203
780 1239
780 1664
780 1788
780 1895
780 1921
780 1991
780 2149
785 847
786 814
788 847
788 935
792 793
793 793
793 818
795 1794
795 2382
799 803
801 802
802 905
802 1004
804 805
804 911
806 2767
807 809
808 814
810 822
810 900
814 848
814 866
814 884
816 847
816 848
817 1002
821 2591
822 879
824 970
826 847
826 912
828 1326
828 1543
828 1667
831 886
834 964
835 837
836 837
842 842
843 847
845 2183
846 850
847 983
847 984
847 996
848 984
851 2336
852 908
853 1916
853 2050
853 3296
854 854
855 2282
855 2441
855 2699
857 863
860 861
861 2455
862 862
862 1129
862 1212
862 1850
862 1937
862 1968
862 1969
863 864
863 865
865 1216
865 1240
865 1933
867 868
868 925
869 932
873 1168
874 2429
874 3155
875 986
876 992
876 1489
876 2104
876 2401
876 2638
876 3303
877 937
885 979
886 1010
887 1951
887 1999
887 2728
889 890
891 2728
896 922
897 3093
901 1004
905 1231
905 1234
905 1969
905 2081
905 2161
905 2278
905 2669
905 2670
905 2686
905 2728
905 3040
905 3191
917 978
917 985
919 1010
920 1005
926 927
930 939
935 979
935 986
935 995
936 937
936 3020
938 939
938 940
938 941
939 940
943 944
943 986
946 1238
946 2865
947 974
956 999
956 1000
956 1894
959 959
959 986
960 2415
961 1488
962 3151
963 2129
963 2130
968 969
969 1707
971 972
972 3279
976 2214
978 1549
979 980
980 986
980 990
981 982
987 999
989 990
990 994
993 3085
994 996
998 998
998 999
998 1000
999 1000
1000 1000
1004 1597
1005 1197
1005 1336
1005 1586
1011 1034
1011 2028
1012 2181
1013 1297
1013 1427
1013 1545
1013 2024
1014 1059
1014 1380
1014 1744
1015 1440
1015 2093
1016 2138
1017 1549
1019 1312
1019 1354
1019 1743
1019 1938
1019 2064
1020 1496
1021 1176
1022 1907
1023 1875
1024 1527
1025 1414
1027 1905
1028 1048
1029 1109
1029 1248
1030 1244
1030 1941
1031 1487
1031 1645
1031 1872
1033 1759
1034 1665
1034 2007
1035 1491
1036 1485
1037 1042
1037 1309
1037 1615
1037 1679
1038 1404
1038 1636
1038 1769
1040 1076
1040 1078
1040 1309
1042 1615
1043 1828
1043 2139
1043 2165
1044 1274
1045 1453
1045 1704
1045 1705
1045 1944
1045 1954
1045 1980
1046 1302
1046 1521
1046 2024
1047 1127
1047 1442
1047 1679
1047 1776
1048 2063
1049 1049
1050 1168
1050 1254
1050 1942
1051 1253
1051 2121
1052 1787
1054 1491
1055 1961
1055 1962
1056 1161
1058 1236
1058 2024
1059 1365
1059 1378
1059 1380
1059 1733
1060 1123
1061 1374
1063 1229
1065 1093
1065 2027
1066 1171
1066 1963
1067 1236
1067 1251
1068 1209
1068 1515
1068 1718
1068 2115
1069 2137
1070 1236
1070 1500
1071 1731
1071 1744
1073 1387
1074 1379
1075 1169
1075 1220
1076 1078
1076 1599
1078 1190
1078 1371
1078 1599
1079 1227
1079 1245
1079 1651
1079 1742
1079 1931
1080 1189
1080 1583
1080 1657
1081 1141
1082 1716
1083 1196
1083 1439
1083 1440
1083 1912
1085 1728
1086 1479
1088 1236
1088 1500
1089 1297
1089 1347
1089 1500
1090 1107
1090 1174
1090 1392
1090 1404
1091 1972
1093 2027
1094 1317
1095 1864
1096 1490
1097 1886
1098 1661
1099 1767
1099 1768
1100 1634
1100 1695
1101 1118
1101 1441
1101 1609
1101 1840
1101 2132
1101 2133
1101 2171
1102 1673
1102 1958
1104 1459
1105 1606
1106 1132
1106 1339
1107 1425
1108 1317
1110 1564
1111 1920
1114 1187
1114 2058
1114 2059
1114 2104
1115 1383
1116 1893
1116 2139
1117 1154
1119 1119
1119 2036
1120 1604
1120 1606
1121 1674
1121 2113
1122 1690
1122 2742
1124 1460
1125 1250
1125 1286
1125 1302
1128 1588
1128 1589
1129 1631
1129 1937
1130 1822
1131 1885
1132 1860
1133 2046
1133 2169
1134 1422
1135 1747
1136 1494
1138 1801
1138 2168
1141 1248
1141 1866
1143 2103
1144 1416
1144 1481
1144 2105
1147 1874
1148 1403
1150 1262
1150 1506
1150 1507
1150 1508
1150 1659
1150 2118
1151 1301
1152 2949
1153 1629
1155 1213
1158 1214
1158 1461
1159 1257
1160 1160
1160 1369
1162 1381
1163 1500
1164 1795
1165 1788
1165 2066
1166 1908
1167 1523
1168 1511
1168 1524
1168 1544
1168 2096
1168 2106
1169 1387
1170 2169
1173 1812
1173 2332
1173 2948
1173 2955
1174 1404
1174 1425
1174 1769
1174 1776
1175 1360
1175 2174
1176 1897
1178 1944
1179 1997
1180 1196
1181 1637
1181 1638
1183 1202
1183 1836
1183 1837
1185 1530
1185 1945
1186 1648
1186 1806
1188 1918
1189 1583
1189 1657
1190 1613
1191 1230
1191 1727
1192 1730
1193 1548
1193 1857
1193 2112
1194 1680
1194 2135
1197 1587
1198 1678
1198 2278
1202 1841
1203 2148
1203 2151
1206 1210
1206 1256
1206 1604
1206 1818
1207 1539
1209 1748
1210 1818
1211 2137
1212 1850
1214 1708
1214 1994
1214 2004
1215 1542
1216 1413
1216 1421
1216 1519
1218 1460
1219 1236
1221 1900
1222 1540
1222 1803
1222 1807
1222 2044
1223 1711
1223 1712
1223 1713
1223 1964
1223 2099
1224 1626
1224 1706
1224 2009
1225 1411
1226 1821
1227 2792
1229 1707
1230 1811
1232 1456
1232 1457
1234 1416
1235 1456
1235 1588
1235 1749
1235 2025
1236 1500
1236 1687
1236 1860
1236 1891
1237 1653
1239 1788
1240 1413
1240 1675
1241 1514
1241 1989
1242 1860
1243 1461
1243 1505
1243 1706
1244 1941
1246 1866
1247 1330
1248 1538
1248 1911
1249 1416
1252 2049
1253 1253
1253 1636
1253 1890
1254 1524
1254 1787
1255 1255
1255 1528
1255 2139
1256 1818
1257 1852
1257 1880
1258 1706
1260 1693
1261 1750
1262 1646
1263 1612
1265 1878
1266 1540
1266 1861
1268 1381
1268 1517
1270 1820
1271 1865
1272 1649
1273 1339
1273 1454
1273 1714
1273 2053
1274 1892
1275 1622
1275 1924
1276 1918
1276 2098
1277 2043
1280 1574
1281 1678
1282 1740
1282 1766
1284 1416
1284 1642
1285 1423
1285 1503
1285 1980
1285 2050
1286 1532
1286 1902
1286 2657
1287 1451
1287 1573
1289 1636
1291 1344
1292 1953
1293 1930
1297 1725
1298 1465
1298 1770
1298 1918
1299 2121
1302 1532
1302 1902
1302 2657
1304 1473
1306 1418
1307 2036
1307 2037
1308 1918
1308 2049
1310 1483
1310 1610
1311 1990
1312 1493
1312 2593
1314 1583
1314 1584
1314 1657
1314 1731
1314 1737
1315 1625
1315 1810
1316 1406
1318 1637
1319 1522
1320 1646
1323 1522
1325 1683
1325 1839
1326 1543
1326 1667
1326 1796
1328 2083
1329 1516
1331 1517
1332 2005
1332 2050
1334 1804
1335 1517
1336 1831
1337 1870
1339 1560
1340 1852
1341 2056
1342 1438
1342 1516
1343 1412
1343 1881
1344 1889
1345 2068
1346 1484
1347 1500
1348 1353
1348 1965
1349 2031
1349 2124
1350 1985
1352 1449
1352 1539
1354 2856
1355 1368
1356 1638
1356 2061
1357 1976
1359 1406
1359 1731
1359 1735
1359 1736
1359 1737
1360 1905
1361 1446
1362 1661
1363 1946
1366 2043
1367 1406
1368 1414
1368 1415
1368 1476
1370 1406
1374 1410
1374 1460
1374 1979
1374 2035
1374 2149
1375 1638
1378 1380
1378 1744
1379 1462
1379 1504
1379 1605
1380 1406
1380 1591
1381 2079
1383 1649
1383 1650
1385 1385
1385 2174
1386 1566
1386 1757
1386 1758
1388 1437
1390 1672
1391 1582
1394 1537
1394 2136
1397 2093
1397 3008
1398 1970
1398 1971
1398 2019
1399 1970
1400 1970
1401 1401
1402 2022
1404 1776
1405 1445
1406 1658
1406 1715
1406 1731
1406 1732
1406 1736
1406 1822
1406 1923
1407 1681
1409 1512
1409 1681
1409 1710
1411 1615
1411 1679
1414 1476
1416 1431
1416 2157
1417 1500
1419 1921
1420 1770
1420 2260
1420 2699
1420 3107
1421 1765
1421 1933
1422 1542
1422 1655
1422 2006
1423 1542
1423 1845
1423 2050
1424 1628
1426 2119
1427 1545
1430 1862
1431 2193
1432 2151
1433 2151
1434 1436
1435 1436
1439 1440
1439 1478
1439 1891
1440 1444
1443 1534
1443 1535
1445 2024
1446 1447
1448 1602
1452 2002
1453 1470
1457 1550
1460 1464
1460 1761
1460 1781
1461 1648
1461 2005
1463 1590
1463 2052
1464 1761
1465 1878
1466 2045
1467 1467
1467 1468
1469 1678
1469 2494
1470 1944
1470 1954
1470 1955
1470 1980
1470 2002
1471 1783
1472 1473
1474 1921
1474 2065
1475 1679
1475 2036
1477 1909
1478 1528
1478 1690
1479 1661
1481 2139
1486 1759
1487 1930
1487 2003
1488 1872
1489 1863
1490 1709
1490 2052
1493 1738
1494 1577
1494 2125
1495 1733
1498 2139
1499 1500
1500 2024
1504 1932
1508 1687
1509 1639
1511 2134
1512 1710
1512 1824
1514 1727
1514 1989
1516 2470
1518 2282
1523 1779
1523 1826
1524 1581
1524 1934
1524 2041
1525 1661
1528 1723
1528 1814
1528 2738
1528 2765
1528 2970
1529 2169
1529 3305
1530 2008
1531 2658
1532 1532
1533 1687
1536 2119
1540 1799
1542 1980
1542 2050
1543 2293
1543 2460
1545 1725
1546 1763
1549 1549
1549 1624
1553 1554
1554 1831
1557 1558
1559 1686
1560 1668
1560 1818
1561 1759
1569 1601
1571 2006
1572 1916
1575 1877
1576 1782
1576 1935
1579 2105
1580 2043
1583 1657
1583 1731
1583 1736
1584 1657
1584 1731
1585 1629
1589 1590
1590 2052
1592 1593
1592 1594
1593 1594
1595 1596
1597 1598
1599 1600
1599 1950
1599 2074
1607 1896
1611 2155
1612 1706
1614 1773
1617 1705
1617 1820
1620 2138
1622 1622
1623 1623
1626 1772
1627 1729
1628 1752
1628 1753
1628 1949
1630 1747
1632 1801
1633 1801
1634 1828
1634 1893
1634 2139
1634 2165
1634 2244
1637 1638
1637 1977
1637 2083
1638 2013
1639 1673
1640 1810
1641 1754
1643 1972
1644 1719
1646 1885
1651 1823
1651 3262
1652 1868
1656 1833
1657 1732
1657 1735
1657 1736
1657 1737
1660 1661
1663 1873
1663 1920
1664 1921
1667 2328
1667 2460
1667 3028
1668 1860
1673 1958
1673 1959
1677 1724
1678 1999
1678 2073
1680 1731
1683 1684
1684 1878
1689 2176
1691 1815
1691 1992
1691 1993
1693 1844
1694 1810
1695 1828
1698 1929
1699 1804
1701 2057
1702 1703
1704 1705
1704 2080
1707 2275
1708 2753
1709 2072
1716 1716
1716 1717
1717 1729
1717 1887
1721 1919
1722 2068
1725 1967
1727 1811
1727 1816
1731 1731
1731 1732
1731 1735
1731 1736
1731 1737
1734 1985
1735 1736
1735 1737
1738 1842
1738 1843
1739 1918
1740 1740
1743 1874
1747 1984
1747 1986
1751 2106
1752 1949
1755 1835
1755 1836
1755 1837
1756 1785
1759 1946
1759 1947
1760 1854
1762 1911
1764 1811
1767 1768
1770 1771
1770 2123
1771 2123
1772 2009
1772 2092
1776 2034
1777 1793
1777 2048
1782 1935
1784 1786
1784 1927
1784 1928
1784 2022
1785 1928
1787 1789
1788 2066
1790 1915
1790 1927
1790 2022
1792 1794
1793 1794
1798 2108
1799 1807
1799 2044
1800 2153
1801 1851
1801 2024
1801 2168
1807 2847
1808 1808
1811 1918
1812 1813
1813 2263
1813 2957
1815 1992
1819 1994
1823 3262
1825 1948
1827 2072
1828 2139
1829 3037
1834 1837
1834 1838
1835 1836
1837 1838
1845 2000
1845 2049
1846 2049
1849 3124
1850 1937
1850 1951
1850 1998
1851 2168
1851 2995
1851 3009
1853 1918
1855 1920
1856 1868
1857 1858
1857 1859
1858 3013
1859 3274
1866 1867
1867 2696
1869 1873
1870 1945
1876 2081
1878 2072
1879 2012
1882 2101
1883 1885
1886 1944
1889 2916
1893 1894
1895 1991
1897 2969
1901 1922
1903 1965
1903 2032
1903 2033
1906 2048
1908 2176
1910 1911
1913 2143
1918 2094
1918 2095
1918 2148
1918 2151
1918 2175
1919 1920
1921 1991
1921 2064
1921 2149
1921 2161
1926 2080
1927 2022
1928 2022
1931 2420
1935 1936
1944 1945
1954 2002
1954 2080
1958 1959
1964 1972
1964 2049
1964 2121
1967 1967
1968 2160
1973 1975
1976 1999
1977 2026
1978 1979
1980 2033
1980 2050
1980 2112
1981 2034
1987 1988
1989 2149
1995 1997
2001 2049
2002 2003
2005 2006
2006 2050
2006 2109
2006 2110
2010 2010
2010 2011
2010 2012
2014 2015
2016 2017
2024 2118
2025 2052
2029 2040
2032 2033
2032 2049
2032 2050
2037 3228
2038 2039
2044 2274
2048 2049
2049 2049
2049 2050
2049 2075
2052 2072
2054 2145
2055 2056
2062 2126
2064 2091
2071 2098
2077 2175
2082 2082
2082 2083
2087 2089
2100 2102
2101 2102
2105 3044
2107 2108
2109 2110
2110 2112
2111 2112
2122 2175
2126 2127
2129 2130
2135 2141
2142 2143
2142 2144
2148 2150
2163 2164
2166 2169
2166 3021
2166 3305
2168 2168
2171 2172
2173 2174
2177 2903
2178 2590
2178 2736
2179 2200
2182 2512
2184 2306
2184 2356
2185 2539
2187 2666
2189 2303
2189 2634
2190 3145
2192 2488
2193 2236
2194 2656
2195 2195
2195 2209
2196 3279
2199 2593
2199 3025
2201 2201
2202 2460
2204 2265
2204 2762
2205 2899
2205 2900
2206 2675
2206 3099
2207 2855
2208 3212
2210 3085
2212 2423
2212 2474
2212 2695
2212 3132
2213 2740
2214 2845
2214 3235
2215 2508
2216 3044
2217 3037
2219 2391
2219 3151
2220 2220
2221 2665
2221 3115
2222 2567
2223 2264
2223 2491
2224 2558
2224 2779
2225 2398
2226 2341
2226 2811
2227 2844
2228 3299
2229 2597
2230 3269
2232 2540
2232 3033
2233 2698
2233 3158
2234 3051
2234 3052
2235 2992
2237 3273
2238 3016
2240 3190
2242 2665
2243 2324
2243 3074
2245 2310
2246 3034
2246 3035
2247 3189
2249 2249
2249 2797
2250 2904
2251 2955
2252 3310
2253 2299
2253 2891
2254 2519
2255 2554
2256 2256
2256 2871
2258 2476
2258 2737
2259 2744
2261 2306
2262 2412
2263 2951
2263 2959
2267 2776
2268 2821
2269 2375
2270 3051
2271 2652
2272 2777
2272 3007
2273 2273
2274 3127
2275 3085
2276 2843
2277 3029
2278 3040
2280 2536
2282 2646
2284 2302
2285 2615
2285 2616
2288 2311
2289 2794
2290 3048
2292 2969
2294 3193
2295 2832
2295 3161
2297 3254
2298 3023
2300 2892
2302 2506
2304 3030
2305 2905
2306 2306
2307 2831
2308 3270
2310 3125
2312 3148
2312 3149
2313 3157
2314 3282
2315 2768
2316 2406
2317 2457
2318 3291
2319 2561
2319 2878
2320 2401
2320 2638
2321 2630
2323 2832
2324 3074
2324 3175
2325 2594
2327 3221
2328 3153
2329 2329
2334 3167
2334 3290
2335 3200
2335 3247
2337 2731
2338 3059
2339 2596
2340 2400
2342 2528
2344 2624
2346 3227
2347 2860
2350 2793
2350 2907
2351 3013
2353 2565
2354 2357
2355 2945
2359 2564
2360 2839
2361 2556
2361 3255
2362 2898
2363 2927
2364 2418
2365 3285
2366 3189
2367 2517
2368 2368
2369 3070
2371 2422
2372 2372
2373 2693
2375 3213
2375 3214
2376 2965
2377 2502
2378 2682
2378 2683
2378 2684
2380 2628
2381 3186
2382 2678
2383 2816
2384 2872
2387 2753
2388 2388
2391 2489
2392 2781
2395 3181
2396 2678
2399 2976
2399 3303
2402 2785
2402 3031
2403 3172
2404 2960
2405 2553
2405 2785
2406 2406
2407 2579
2410 3275
2413 3133
2414 3257
2415 3041
2416 2629
2417 2971
2418 3012
2419 2930
2420 2437
2424 2887
2425 2440
2426 2756
2429 3155
2430 2430
2431 2523
2432 2784
2433 3218
2435 3240
2436 2436
2437 3165
2437 3286
2438 2465
2438 2711
2438 3244
2441 2699
2441 3107
2443 3240
2444 3167
2444 3168
2444 3290
2445 2706
2446 2525
2447 2657
2447 2658
2449 3075
2450 3276
2452 2981
2453 2912
2454 2984
2455 2850
2455 2851
2456 2552
2458 2829
2459 3154
2460 3028
2460 3153
2460 3162
2462 2908
2463 2669
2464 2858
2465 2711
2465 2813
2466 2868
2467 2470
2468 3202
2469 2540
2472 2817
2473 2534
2475 2715
2476 2590
2476 2736
2477 3032
2477 3259
2478 2552
2480 3236
2481 2631
2482 2943
2483 3125
2484 2906
2485 3125
2486 2583
2487 3185
2490 2578
2493 2854
2494 3040
2495 3294
2498 2695
2500 2500
2501 3036
2501 3180
2503 2955
2505 2694
2507 3074
2509 2649
2509 3301
2510 3051
2510 3052
2511 3206
2514 2599
2515 3133
2516 3108
2517 3108
2520 3024
2521 2557
2522 3223
2525 2810
2529 2530
2531 2533
2532 2711
2532 3020
2534 2609
2534 3125
2537 2537
2539 2812
2539 3042
2540 3033
2540 3202
2541 2542
2541 2902
2541 2944
2543 2996
2544 2996
2545 3274
2547 2893
2548 2598
2549 3138
2550 3004
2550 3005
2551 2551
2553 2785
2555 3110
2558 3022
2559 3120
2561 2877
2561 2878
2566 2567
2568 2757
2569 2729
2570 2571
2572 3192
2574 2651
2574 3217
2575 3163
2576 2916
2578 2696
2579 2580
2580 2770
2582 2662
2584 2585
2584 2586
2584 2672
2585 2586
2587 2587
2588 2745
2589 2589
2591 2697
2591 2698
2593 3187
2594 2595
2599 2979
2600 3109
2601 2642
2602 2603
2602 2704
2603 2809
2604 2766
2606 2607
2610 2759
2611 2612
2614 2616
2614 2617
2614 2619
2615 2616
2616 2617
2617 2618
2618 2619
2620 2621
2622 2859
2624 3228
2624 3293
2625 2626
2627 3018
2629 3262
2638 2919
2639 2640
2641 3043
2641 3117
2643 2645
2644 2645
2646 3124
2647 3085
2648 2648
2651 2994
2653 2713
2654 3305
2655 2690
2657 2658
2658 2658
2663 2664
2665 2745
2665 3080
2667 3244
2668 2669
2668 2670
2673 3141
2674 2674
2679 2679
2681 2709
2682 2683
2682 2684
2683 2684
2687 2688
2692 2923
2699 3107
2700 3231
2701 3278
2707 2739
2707 2982
2708 2825
2711 3244
2712 3089
2714 2939
2716 2717
2720 3015
2721 3286
2722 2723
2724 2744
2728 3174
2730 2987
2733 2746
2743 3298
2744 2833
2745 3115
2746 3195
2747 2748
2749 3264
2754 2755
2756 3119
2758 3063
2764 3224
2772 3239
2773 2783
2775 2776
2777 3088
2780 2870
2780 3022
2784 3031
2787 2788
2789 2946
2790 2857
2791 3208
2794 2795
2796 2999
2800 2801
2802 3092
2803 2803
2805 2805
2805 2807
2805 3112
2805 3113
2806 2807
2809 3129
2814 2815
2820 2889
2824 2977
2826 3123
2827 2873
2828 3219
2829 2933
2832 3160
2832 3161
2832 3200
2837 2838
2837 2882
2839 2840
2840 3107
2841 2842
2845 3235
2847 2848
2847 2849
2852 2853
2862 2932
2863 2864
2863 3131
2864 3286
2866 3181
2867 3019
2869 2936
2874 2972
2874 3105
2875 2914
2876 2947
2878 3278
2879 3297
2881 3135
2883 3240
2886 2887
2890 2918
2896 2897
2901 3279
2909 3043
2923 2924
2925 2925
2926 3249
2930 2980
2934 3270
2934 3271
2937 2938
2940 3076
2949 2949
2950 2953
2950 2956
2952 2955
2953 2956
2954 2955
2955 2958
2955 3173
2957 2959
2961 3186
2962 2962
2966 2967
2968 3225
2970 3210
2972 3220
2973 2973
2975 3118
2978 2978
2980 3043
2984 2985
2988 2989
2993 3311
2996 3233
3000 3265
3001 3307
3003 3003
3010 3011
3013 3274
3014 3169
3026 3027
3028 3162
3029 3029
3030 3030
3033 3202
3034 3035
3038 3045
3039 3073
3046 3201
3049 3050
3051 3052
3051 3054
3055 3056
3058 3231
3060 3061
3061 3062
3065 3066
3065 3067
3066 3067
3068 3069
3074 3175
3081 3082
3081 3084
3086 3086
3095 3097
3095 3182
3096 3182
3098 3099
3100 3101
3101 3102
3103 3104
3103 3274
3105 3220
3116 3190
3121 3122
3126 3126
3146 3147
3146 3150
3146 3151
3146 3295
3149 3150
3152 3152
3167 3290
3168 3290
3177 3178
3183 3184
3188 3189
3198 3199
3199 3199
3202 3203
3205 3234
3211 3213
3212 3216
3222 3281
3226 3227
3228 3228
3229 3230
3241 3242
3245 3246
3250 3251
3252 3253
3260 3263
3261 3263
3266 3267
3266 3268
3283 3284
3287 3288
3308 3309
