1927 2022 1
2611 2612 1
1607 1896 1
802 1004 1
2194 2656 1
1314 1731 1
1275 1924 1
1560 1668 1
151 390 1
686 2669 1
326 1701 1
2184 2306 1
263 283 1
1394 1537 1
653 2895 1
3250 3251 1
2585 2586 1
714 748 1
22 599 1
328 661 1
355 1004 1
3226 3227 1
88 1998 1
2486 2583 1
400 693 1
1514 1989 1
2304 3030 1
2111 2112 1
86 272 1
2416 2629 1
2572 3192 1
105 714 1
390 929 1
1232 1457 1
432 705 1
1584 1657 1
969 1707 1
483 525 1
2602 2603 1
750 979 1
217 615 1
88 154 1
446 909 1
63 274 1
356 747 1
382 390 1
2305 2905 1
358 359 1
186 847 1
1978 1979 1
1100 1634 1
501 1004 1
320 730 1
392 914 1
1487 2003 1
363 765 1
3183 3184 1
643 866 1
364 804 1
390 680 1
266 297 1
1121 2113 1
365 2446 1
1882 2101 1
896 922 1
745 746 1
2195 2209 1
1181 1637 1
372 655 1
591 978 1
1536 2119 1
1903 2033 1
2522 3223 1
77 916 1
2480 3236 1
482 697 1
1074 1379 1
643 808 1
873 1168 1
0 99 1
2454 2984 1
853 2050 1
28 633 1
1186 1806 1
2978 2978 1
2730 2987 1
2668 2669 1
266 685 1
394 506 1
54 699 1
291 445 1
160 596 1
687 1876 1
432 915 1
170 306 1
263 311 1
63 661 1
2484 2906 1
2207 2855 1
2509 3301 1
714 1000 1
389 467 1
583 612 1
2886 2887 1
216 291 1
727 968 1
990 994 1
431 868 1
295 771 1
184 1761 1
1343 1412 1
447 967 1
2407 2579 1
695 753 1
2525 2810 1
2388 2388 1
645 1633 1
96 913 1
1088 1500 1
495 979 1
2278 3040 1
253 547 1
2864 3286 1
616 694 1
2190 3145 1
1162 1381 1
28 153 1
2252 3310 1
747 910 1
355 977 1
1100 1695 1
2325 2594 1
213 447 1
1421 1933 1
607 849 1
665 768 1
516 805 1
493 979 1
706 946 1
32 686 1
105 180 1
1443 1534 1
1667 2328 1
2177 2903 1
1743 1874 1
1048 2063 1
106 422 1
334 756 1
1178 1944 1
780 1239 1
943 944 1
1855 1920 1
2256 2256 1
28 522 1
291 694 1
5 97 1
209 641 1
91 795 1
1349 2124 1
665 727 1
471 2221 1
905 2686 1
1660 1661 1
2468 3202 1
2285 2615 1
1921 2149 1
1634 2165 1
543 851 1
2444 3168 1
1858 3013 1
1061 1374 1
1159 1257 1
862 1968 1
136 643 1
673 762 1
1788 2066 1
437 438 1
2534 2609 1
592 1568 1
1908 2176 1
920 1005 1
2534 3125 1
1691 1815 1
704 751 1
2324 3074 1
377 673 1
291 746 1
173 838 1
1897 2969 1
1071 1744 1
2926 3249 1
1098 1661 1
1656 1833 1
9 260 1
643 807 1
1680 1731 1
2277 3029 1
1035 1491 1
1352 1539 1
1752 1949 1
454 817 1
1083 1912 1
428 673 1
1433 2151 1
494 1003 1
290 784 1
905 1969 1
780 1921 1
3013 3274 1
2109 2110 1
553 2791 1
2226 2811 1
244 926 1
553 673 1
2878 3278 1
1731 1731 1
40 411 1
1068 1209 1
291 336 1
860 861 1
3061 3062 1
263 425 1
3198 3199 1
661 877 1
448 810 1
278 1175 1
1029 1248 1
1253 1890 1
10 390 1
326 917 1
1827 2072 1
1755 1835 1
268 668 1
1158 1461 1
753 811 1
2961 3186 1
1921 2161 1
2340 2400 1
2300 2892 1
2482 2943 1
3228 3228 1
364 517 1
141 1002 1
3100 3101 1
2580 2770 1
1479 1661 1
2431 2523 1
176 390 1
129 589 1
34 697 1
306 615 1
2221 2665 1
1834 1838 1
3081 3082 1
333 722 1
807 809 1
1031 1645 1
1663 1873 1
1889 2916 1
662 877 1
0 514 1
390 804 1
3287 3288 1
1422 2006 1
404 693 1
697 700 1
503 634 1
303 390 1
505 534 1
1191 1727 1
2359 2564 1
1800 2153 1
338 555 1
1453 1470 1
569 612 1
1125 1286 1
2603 2809 1
439 445 1
170 348 1
1067 1236 1
291 317 1
417 822 1
1511 2134 1
617 916 1
257 556 1
259 483 1
1401 1401 1
741 1009 1
1050 1942 1
855 2441 1
2460 3162 1
191 847 1
943 986 1
2988 2989 1
350 985 1
1976 1999 1
631 1009 1
247 933 1
2206 3099 1
1239 1788 1
329 821 1
2107 2108 1
439 755 1
594 847 1
3058 3231 1
2591 2698 1
863 865 1
197 898 1
1481 2139 1
1430 1862 1
2665 3080 1
97 329 1
36 916 1
184 586 1
1076 1599 1
390 462 1
732 876 1
1255 1528 1
110 584 1
1518 2282 1
862 1850 1
57 157 1
421 1262 1
388 579 1
150 637 1
1683 1684 1
2444 3290 1
1341 2056 1
2319 2878 1
2682 2683 1
255 654 1
2570 2571 1
747 911 1
184 714 1
30 505 1
51 356 1
3103 3274 1
1668 1860 1
2327 3221 1
22 390 1
3038 3045 1
390 802 1
2579 2580 1
1116 1893 1
616 1714 1
1174 1769 1
276 463 1
956 999 1
2295 3161 1
616 1000 1
1878 2072 1
1350 1985 1
338 888 1
167 639 1
2722 2723 1
422 987 1
251 302 1
1958 1959 1
67 176 1
1918 2151 1
2129 2130 1
885 979 1
433 915 1
259 547 1
571 616 1
1085 1728 1
0 585 1
390 414 1
1420 1770 1
2001 2049 1
1261 1750 1
2314 3282 1
210 279 1
2037 3228 1
887 1951 1
325 1509 1
592 739 1
2224 2558 1
338 902 1
2433 3218 1
1716 1716 1
2501 3180 1
1498 2139 1
243 617 1
793 793 1
85 698 1
390 711 1
511 691 1
572 697 1
1043 2165 1
628 1461 1
767 822 1
853 1916 1
168 608 1
363 363 1
410 570 1
1150 1508 1
1068 2115 1
750 986 1
37 444 1
876 2638 1
635 870 1
213 293 1
1801 2168 1
1579 2105 1
1583 1731 1
1529 3305 1
1359 1737 1
1620 2138 1
1834 1837 1
353 421 1
1065 1093 1
2837 2838 1
2395 3181 1
79 460 1
35 500 1
2473 2534 1
2185 2539 1
130 182 1
1147 1874 1
525 590 1
686 1876 1
2601 2642 1
86 460 1
488 1010 1
293 396 1
1411 1615 1
2477 3032 1
2298 3023 1
104 131 1
475 558 1
1079 1245 1
1533 1687 1
394 938 1
218 1724 1
695 1960 1
1107 1425 1
1128 1588 1
1987 1988 1
2624 3228 1
1626 1772 1
446 3273 1
2460 3153 1
483 702 1
588 739 1
146 907 1
1285 2050 1
295 602 1
1478 1528 1
1203 2148 1
1080 1583 1
2500 2500 1
2532 3020 1
1193 2112 1
2721 3286 1
623 623 1
2968 3225 1
133 323 1
863 864 1
623 624 1
2510 3051 1
1125 1250 1
1227 2792 1
213 397 1
25 357 1
628 753 1
1352 1449 1
1136 1494 1
385 386 1
2335 3200 1
64 569 1
2796 2999 1
826 912 1
345 857 1
1759 1947 1
314 315 1
439 525 1
998 998 1
382 439 1
2275 3085 1
1005 1197 1
2243 2324 1
1059 1365 1
58 414 1
1302 2657 1
29 792 1
1043 2139 1
857 863 1
1206 1818 1
180 572 1
2014 2015 1
1426 2119 1
1398 1971 1
323 513 1
1155 1213 1
769 1273 1
686 887 1
1243 1706 1
2232 3033 1
1284 1642 1
29 818 1
481 483 1
328 617 1
980 986 1
56 1492 1
1368 1476 1
2221 3115 1
989 990 1
2575 3163 1
245 722 1
685 903 1
1119 2036 1
2866 3181 1
51 390 1
569 866 1
296 1007 1
2679 2679 1
2450 3276 1
1494 2125 1
835 837 1
1731 1735 1
422 1899 1
1232 1456 1
2539 2812 1
769 2686 1
1409 1512 1
2576 2916 1
745 804 1
1495 1733 1
189 391 1
1954 2002 1
2184 2356 1
1856 1868 1
95 2923 1
673 839 1
41 418 1
2024 2118 1
383 384 1
1411 1679 1
2258 2737 1
2077 2175 1
284 1513 1
6 64 1
381 684 1
2847 2849 1
56 505 1
1131 1885 1
176 998 1
280 324 1
251 669 1
1717 1887 1
3081 3084 1
845 2183 1
481 698 1
2549 3138 1
2934 3271 1
1397 2093 1
646 732 1
1265 1878 1
32 697 1
2235 2992 1
1079 1931 1
1405 1445 1
1082 1716 1
1013 1545 1
96 997 1
206 1628 1
1525 1661 1
1108 1317 1
2510 3052 1
1440 1444 1
2618 2619 1
538 673 1
2055 2056 1
2720 3015 1
611 613 1
301 2245 1
185 3043 1
2405 2553 1
1230 1811 1
780 1664 1
17 601 1
291 926 1
422 633 1
2668 2670 1
237 979 1
686 2494 1
1090 1107 1
1019 2064 1
1037 1042 1
2380 2628 1
196 389 1
2511 3206 1
1785 1928 1
741 847 1
313 315 1
278 444 1
1066 1963 1
416 879 1
3241 3242 1
1 1937 1
1047 1127 1
960 2415 1
262 272 1
276 555 1
1202 1841 1
1079 1651 1
905 2669 1
1903 1965 1
390 517 1
2187 2666 1
418 453 1
1083 1439 1
1128 1589 1
905 3191 1
170 494 1
106 291 1
2276 2843 1
2438 2711 1
506 721 1
2387 2753 1
2638 2919 1
228 295 1
2229 2597 1
2064 2091 1
2890 2918 1
260 290 1
462 556 1
1216 1421 1
1138 1801 1
365 1004 1
631 980 1
2869 2936 1
231 390 1
2896 2897 1
390 445 1
434 506 1
3060 3061 1
460 685 1
1176 1897 1
1815 1992 1
251 364 1
54 390 1
193 758 1
1273 1339 1
1799 2044 1
88 152 1
1628 1949 1
1725 1967 1
587 808 1
1047 1679 1
2435 3240 1
2438 3244 1
2832 3200 1
810 822 1
150 1509 1
734 751 1
657 663 1
1528 2765 1
429 1408 1
1857 1859 1
1460 1761 1
264 723 1
2466 2868 1
1918 2095 1
2438 2465 1
981 982 1
3167 3290 1
2483 3125 1
706 772 1
291 673 1
2100 2102 1
198 416 1
366 700 1
471 802 1
547 573 1
1325 1683 1
2378 2682 1
401 404 1
646 1282 1
1893 1894 1
619 700 1
897 3093 1
1170 2169 1
230 480 1
2381 3186 1
28 987 1
780 1788 1
459 573 1
677 678 1
1879 2012 1
516 699 1
32 845 1
686 905 1
876 2104 1
218 2401 1
553 2161 1
972 3279 1
1262 1646 1
1210 1818 1
1595 1596 1
1461 2005 1
1323 1522 1
24 392 1
1859 3274 1
1432 2151 1
85 699 1
2346 3227 1
239 704 1
48 106 1
1427 1545 1
109 848 1
855 2699 1
2178 2736 1
1439 1478 1
1475 2036 1
2062 2126 1
2758 3063 1
2667 3244 1
203 239 1
1049 1049 1
94 285 1
1528 1814 1
1047 1442 1
2354 2357 1
1771 2123 1
2369 3070 1
1657 1735 1
594 595 1
936 937 1
688 841 1
2415 3041 1
1385 1385 1
2477 3259 1
1101 1118 1
158 568 1
2794 2795 1
2029 2040 1
1585 1629 1
31 1282 1
1255 1255 1
3245 3246 1
1106 1339 1
685 769 1
51 481 1
31 2812 1
64 643 1
1292 1953 1
1424 1628 1
57 1769 1
271 643 1
354 2770 1
733 855 1
184 1249 1
677 1984 1
400 405 1
48 748 1
1883 1885 1
2324 3175 1
2425 2440 1
1419 1921 1
383 514 1
65 152 1
477 951 1
1121 1674 1
1342 1516 1
507 541 1
108 173 1
987 999 1
745 910 1
1174 1425 1
551 680 1
51 438 1
2168 2168 1
1617 1820 1
1206 1604 1
105 422 1
314 661 1
121 866 1
390 668 1
78 534 1
1420 2699 1
174 410 1
1325 1839 1
192 607 1
1141 1248 1
877 937 1
1030 1244 1
447 778 1
54 184 1
227 753 1
917 985 1
1237 1653 1
1257 1852 1
258 944 1
236 295 1
439 702 1
173 514 1
178 232 1
86 1006 1
2338 3059 1
393 940 1
105 699 1
475 476 1
494 767 1
1472 1473 1
417 453 1
1689 2176 1
1099 1767 1
2002 2003 1
2453 2912 1
218 1247 1
1406 1658 1
145 472 1
318 481 1
1657 1737 1
565 852 1
1150 2118 1
2378 2684 1
687 887 1
2749 3264 1
327 1509 1
40 625 1
390 772 1
1701 2057 1
244 547 1
343 1804 1
1 732 1
1285 1503 1
2282 2646 1
388 676 1
2049 2075 1
731 907 1
296 655 1
1390 1672 1
2217 3037 1
188 531 1
1016 2138 1
1640 1810 1
183 2207 1
1019 1354 1
1637 1977 1
1211 2137 1
377 1001 1
1114 2058 1
24 406 1
2351 3013 1
1129 1631 1
659 1009 1
382 391 1
86 797 1
980 990 1
364 701 1
1273 1714 1
153 748 1
124 881 1
439 918 1
733 734 1
1531 2658 1
1291 1344 1
364 516 1
643 840 1
1355 1368 1
67 999 1
105 522 1
435 847 1
2273 2273 1
1068 1515 1
88 905 1
1406 1732 1
1981 2034 1
1448 1602 1
707 799 1
1104 1459 1
1280 1574 1
1388 1437 1
1370 1406 1
1528 1723 1
2962 2962 1
272 827 1
1542 1980 1
1488 1872 1
1190 1613 1
685 697 1
2308 3270 1
993 3085 1
506 847 1
2624 3293 1
2399 3303 1
665 2081 1
404 405 1
2455 2851 1
471 1199 1
179 471 1
1801 2024 1
1203 2151 1
1572 1916 1
876 992 1
2923 2924 1
730 847 1
169 293 1
407 812 1
559 753 1
1099 1768 1
575 616 1
1739 1918 1
1336 1831 1
1328 2083 1
1129 1937 1
218 1489 1
379 954 1
1206 1210 1
2847 2848 1
208 495 1
179 1921 1
339 3158 1
1784 1927 1
571 698 1
56 3291 1
1335 1517 1
1285 1423 1
746 772 1
1214 1994 1
51 318 1
2182 2512 1
86 626 1
36 97 1
2520 3024 1
242 979 1
2224 2779 1
467 767 1
352 354 1
278 1267 1
146 822 1
2285 2616 1
140 589 1
2594 2595 1
2495 3294 1
2219 3151 1
1051 2121 1
2032 2049 1
1240 1675 1
1731 1736 1
2210 3085 1
1095 1864 1
2561 2878 1
1244 1941 1
645 880 1
2547 2893 1
2553 2785 1
1311 1990 1
450 710 1
210 682 1
874 2429 1
179 1991 1
643 661 1
250 691 1
2350 2907 1
265 567 1
44 632 1
3101 3102 1
365 439 1
235 1068 1
1168 1544 1
577 965 1
1160 1369 1
1368 1414 1
148 230 1
865 1933 1
2355 2945 1
348 982 1
32 665 1
247 1003 1
2901 3279 1
572 698 1
699 748 1
1374 1979 1
2403 3172 1
2699 3107 1
107 338 1
2879 3297 1
854 854 1
1735 1736 1
1266 1861 1
191 409 1
1218 1460 1
30 471 1
79 103 1
1397 3008 1
22 469 1
687 905 1
2949 2949 1
1646 1885 1
1332 2050 1
1138 2168 1
1465 1878 1
1561 1759 1
228 305 1
1015 2093 1
968 969 1
1242 1860 1
1222 1540 1
40 621 1
53 309 1
994 996 1
728 768 1
738 739 1
938 940 1
269 878 1
754 801 1
51 516 1
471 1383 1
660 875 1
2874 2972 1
1312 2593 1
1867 2696 1
2475 2715 1
1254 1787 1
105 998 1
14 1630 1
47 778 1
529 847 1
547 572 1
603 661 1
666 667 1
2800 2801 1
471 2812 1
1756 1785 1
103 272 1
1383 1649 1
1630 1747 1
1707 2275 1
2195 2195 1
2410 3275 1
390 455 1
2382 2678 1
730 737 1
2166 3021 1
36 661 1
2306 2306 1
2555 3110 1
3010 3011 1
1406 1715 1
680 934 1
2271 2652 1
1782 1935 1
136 809 1
84 986 1
2269 2375 1
1634 2139 1
1236 1891 1
1777 1793 1
2707 2982 1
1580 2043 1
1120 1604 1
2481 2631 1
1851 3009 1
828 1326 1
1079 1742 1
52 612 1
3046 3201 1
305 1710 1
959 986 1
847 984 1
1469 1678 1
627 823 1
1132 1860 1
386 584 1
70 750 1
583 847 1
561 655 1
354 2585 1
515 848 1
2396 2678 1
1337 1870 1
390 702 1
669 699 1
659 979 1
2082 2083 1
1013 1427 1
1124 1460 1
2617 2618 1
509 847 1
976 2214 1
1179 1997 1
2368 2368 1
472 822 1
2406 2406 1
1399 1970 1
661 674 1
45 751 1
1918 2094 1
40 849 1
180 688 1
259 439 1
1528 2738 1
2392 2781 1
368 488 1
774 2118 1
1571 2006 1
344 2570 1
390 444 1
763 805 1
1489 1863 1
427 763 1
1849 3124 1
1158 1214 1
323 512 1
1236 1500 1
262 780 1
104 129 1
1223 1713 1
364 910 1
1398 1970 1
853 3296 1
1185 1530 1
1223 2099 1
143 704 1
2253 2891 1
2614 2616 1
133 1098 1
2365 3285 1
2620 2621 1
1808 1808 1
402 3185 1
314 643 1
519 847 1
1380 1406 1
266 3191 1
2237 3273 1
2881 3135 1
64 210 1
367 488 1
1717 1729 1
86 461 1
536 564 1
1367 1406 1
2515 3133 1
752 994 1
378 947 1
2320 2638 1
2087 2089 1
775 857 1
510 566 1
2826 3123 1
2110 2112 1
1226 1821 1
146 418 1
698 805 1
414 439 1
2455 2850 1
2261 2306 1
327 637 1
276 827 1
1027 1905 1
9 970 1
1793 1794 1
848 984 1
355 772 1
1439 1440 1
998 1000 1
2824 2977 1
556 829 1
1276 2098 1
390 391 1
297 802 1
1764 1811 1
962 3151 1
2828 3219 1
65 992 1
179 573 1
2465 2711 1
1013 1297 1
2223 2264 1
266 2081 1
2805 2805 1
821 2591 1
185 3267 1
206 507 1
297 3015 1
2541 2902 1
26 263 1
369 477 1
1243 1461 1
1271 1865 1
699 842 1
814 884 1
2220 2220 1
67 748 1
1183 1202 1
238 608 1
86 539 1
69 276 1
6 682 1
88 779 1
3205 3234 1
447 535 1
2503 2955 1
1918 2175 1
473 767 1
57 1536 1
230 411 1
286 545 1
1657 1736 1
409 847 1
521 701 1
631 988 1
350 515 1
1850 1998 1
488 488 1
1070 1500 1
712 750 1
2602 2704 1
2743 3298 1
2954 2955 1
291 708 1
608 706 1
2700 3231 1
320 737 1
764 919 1
37 1267 1
181 847 1
661 835 1
457 458 1
1903 2032 1
842 842 1
2263 2959 1
297 797 1
253 439 1
865 1240 1
1222 1807 1
179 779 1
1273 2053 1
2540 3202 1
1663 1920 1
946 2865 1
2955 3173 1
935 986 1
1101 2132 1
3026 3027 1
1086 1479 1
1394 2136 1
1052 1787 1
297 504 1
677 1394 1
69 356 1
651 928 1
1038 1636 1
1738 1843 1
865 1216 1
1967 1967 1
1224 1706 1
1379 1504 1
338 581 1
456 698 1
6 663 1
1014 1744 1
149 325 1
698 701 1
561 561 1
375 630 1
2996 3233 1
2342 2528 1
1921 1991 1
1523 1826 1
1282 1766 1
2490 2578 1
566 802 1
34 573 1
1168 2106 1
30 1650 1
704 855 1
1175 2174 1
279 2969 1
681 2461 1
230 621 1
184 1000 1
28 275 1
327 917 1
1469 2494 1
1189 1657 1
22 899 1
2568 2757 1
2485 3125 1
1592 1593 1
422 714 1
1310 1483 1
31 297 1
2404 2960 1
2975 3118 1
663 858 1
699 1000 1
144 453 1
1235 2025 1
506 843 1
400 402 1
2875 2914 1
1083 1912 1
2212 2695 1
779 887 1
1799 1807 1
651 986 1
1168 1511 1
2253 2299 1
2540 3033 1
1045 1705 1
518 952 1
1339 1560 1
291 3130 1
2208 3212 1
1037 1042 1
780 1203 1
1223 1964 1
1931 2420 1
552 637 1
2539 3042 1
1043 1828 1
105 748 1
978 1549 1
2746 3195 1
1954 2080 1
531 810 1
2272 2777 1
380 537 1
416 453 1
2274 3127 1
549 575 1
2246 3034 1
2772 3239 1
158 583 1
262 471 1
2362 2898 1
2384 2872 1
501 502 1
390 470 1
2832 3160 1
2707 2739 1
98 699 1
2375 3213 1
762 1376 1
1168 2096 1
1101 1840 1
1651 3262 1
103 390 1
2163 2164 1
1031 1645 1
439 483 1
1106 1132 1
350 615 1
2925 2925 1
609 828 1
714 999 1
691 1009 1
2193 2236 1
83 643 1
239 498 1
685 845 1
115 569 1
275 1249 1
963 2130 1
1407 1681 1
1273 1454 1
876 3303 1
2082 2082 1
1576 1782 1
1906 2048 1
383 514 1
549 574 1
524 971 1
390 482 1
2551 2551 1
522 1464 1
1589 1590 1
1004 1597 1
107 372 1
495 935 1
2429 3155 1
1667 2460 1
297 1232 1
2745 3115 1
1332 2005 1
32 687 1
1248 1911 1
730 942 1
1559 1686 1
355 976 1
1060 1123 1
1439 1891 1
1286 2657 1
1423 1845 1
2166 3305 1
1304 1473 1
1523 1779 1
1019 1938 1
495 743 1
2173 2174 1
2957 2959 1
29 859 1
384 838 1
1691 1993 1
1206 1256 1
2764 3224 1
37 310 1
396 723 1
1040 1078 1
1639 1673 1
22 118 1
79 2677 1
248 390 1
1632 1801 1
620 623 1
188 791 1
1224 2009 1
2258 2476 1
516 745 1
1379 1605 1
1494 1577 1
261 523 1
71 939 1
451 773 1
69 338 1
2712 3089 1
3116 3190 1
816 848 1
2940 3076 1
2862 2932 1
394 847 1
1474 1921 1
1699 1804 1
2436 2436 1
1031 1487 1
868 925 1
171 506 1
2179 2200 1
646 1650 1
1776 2034 1
2639 2640 1
1964 1972 1
1406 1822 1
318 390 1
29 740 1
1133 2046 1
2754 2755 1
1058 1236 1
3014 3169 1
2663 2664 1
285 697 1
622 982 1
3212 3216 1
1013 2024 1
1320 1646 1
2984 2985 1
2378 2683 1
326 637 1
2627 3018 1
1968 2160 1
3103 3104 1
444 445 1
58 180 1
2803 2803 1
814 866 1
304 304 1
63 949 1
232 305 1
276 901 1
1813 2957 1
1493 1738 1
349 619 1
343 869 1
1036 1485 1
1560 1818 1
3049 3050 1
846 850 1
34 1587 1
42 488 1
481 1004 1
439 747 1
24 127 1
1135 1747 1
1075 1220 1
7 616 1
1059 1733 1
1275 1622 1
2010 2012 1
595 847 1
22 303 1
262 887 1
1329 1516 1
2588 2745 1
685 687 1
241 659 1
39 1010 1
2256 2871 1
573 829 1
2802 3092 1
2230 3269 1
2966 2967 1
1038 1404 1
3308 3309 1
1368 1415 1
37 182 1
1268 1381 1
905 2081 1
1457 1550 1
610 715 1
605 993 1
604 850 1
284 732 1
1260 1693 1
2437 3165 1
1310 1610 1
139 731 1
9 820 1
1045 1453 1
3068 3069 1
3266 3267 1
1421 1765 1
1812 1813 1
3177 3178 1
1678 2073 1
268 561 1
2648 2648 1
3126 3126 1
183 452 1
14 868 1
2353 2565 1
2641 3043 1
401 405 1
2371 2422 1
643 663 1
2223 2491 1
1111 1920 1
1318 1637 1
1240 1413 1
3168 3290 1
357 888 1
2805 3112 1
471 697 1
1 153 1
2010 2011 1
516 1004 1
1252 2049 1
2288 2311 1
1183 1836 1
1467 1467 1
390 694 1
25 461 1
961 1488 1
1359 1736 1
2297 3254 1
2254 2519 1
248 681 1
2934 3270 1
390 799 1
191 661 1
275 697 1
293 778 1
104 134 1
2465 2813 1
108 838 1
732 780 1
1067 1251 1
609 3162 1
1813 2263 1
971 972 1
2780 3022 1
727 768 1
672 2437 1
180 717 1
68 301 1
3028 3162 1
88 780 1
390 773 1
2251 2955 1
1302 1902 1
2249 2797 1
262 373 1
93 763 1
281 418 1
31 2202 1
760 847 1
285 2482 1
123 310 1
2246 3035 1
1014 1059 1
780 1006 1
2249 2249 1
1471 1783 1
516 976 1
1445 2024 1
534 862 1
397 652 1
711 960 1
2212 2474 1
86 585 1
1784 1928 1
2402 3031 1
2909 3043 1
926 927 1
439 482 1
1209 1748 1
577 3209 1
1772 2092 1
2192 2488 1
1759 1946 1
1926 2080 1
1312 1493 1
48 422 1
64 91 1
572 616 1
2350 2793 1
1374 1460 1
381 713 1
141 144 1
697 698 1
2310 3125 1
348 630 1
253 364 1
754 802 1
2361 3255 1
54 748 1
699 746 1
41 2773 1
2215 2508 1
390 746 1
1446 1447 1
1198 1678 1
171 817 1
748 956 1
441 2447 1
610 1706 1
2574 3217 1
2593 3187 1
938 939 1
1627 1729 1
135 370 1
2101 2102 1
302 439 1
275 987 1
3003 3003 1
2980 3043 1
1731 1732 1
149 326 1
2014 2015 1
1361 1446 1
57 1127 1
1270 1820 1
549 698 1
3266 3268 1
1819 1994 1
106 998 1
891 2728 1
2189 2303 1
2375 3214 1
3260 3263 1
180 303 1
2658 2658 1
2054 2145 1
1470 1944 1
2364 2418 1
5 949 1
1762 1911 1
632 868 1
105 999 1
1065 2027 1
263 344 1
54 67 1
346 477 1
373 444 1
291 501 1
1308 1918 1
1169 1387 1
522 1374 1
1101 1609 1
3252 3253 1
28 390 1
2937 2938 1
54 522 1
2625 2626 1
1120 1606 1
641 719 1
322 685 1
2361 2556 1
390 706 1
447 800 1
276 888 1
130 2361 1
183 185 1
3095 3182 1
1234 1416 1
93 800 1
55 971 1
1331 1517 1
1383 1650 1
1870 1945 1
1509 1639 1
320 1009 1
743 979 1
2417 2971 1
2629 3262 1
174 509 1
1593 1594 1
99 952 1
1386 1566 1
2692 2923 1
2589 2589 1
30 2149 1
704 752 1
1622 1622 1
13 250 1
464 739 1
561 669 1
836 837 1
2171 2172 1
87 597 1
1247 1330 1
2267 2776 1
134 691 1
706 773 1
659 722 1
1167 1523 1
20 663 1
1141 1866 1
1597 1598 1
2199 3025 1
276 471 1
1216 1519 1
1516 2470 1
1174 1776 1
1215 1542 1
663 831 1
1246 1866 1
2543 2996 1
745 805 1
2775 2776 1
471 510 1
106 442 1
1512 1824 1
668 698 1
182 523 1
2367 2517 1
616 668 1
795 2382 1
416 1003 1
2334 3167 1
2196 3279 1
1575 1877 1
1282 1740 1
2280 2536 1
2240 3190 1
1569 1601 1
847 983 1
219 681 1
2863 3131 1
1777 2048 1
263 769 1
1500 2024 1
2494 3040 1
45 733 1
291 590 1
651 691 1
770 771 1
1375 1638 1
338 471 1
95 571 1
1224 1626 1
1474 2065 1
1025 1414 1
202 932 1
2728 3174 1
373 2463 1
339 813 1
629 985 1
1406 1731 1
686 1678 1
2950 2956 1
404 3183 1
240 654 1
1374 2035 1
1054 1491 1
687 2686 1
1825 1948 1
2452 2981 1
1391 1582 1
549 616 1
439 481 1
1326 1543 1
2316 2406 1
3074 3175 1
1790 1915 1
2867 3019 1
2521 2557 1
786 814 1
677 867 1
153 714 1
905 1231 1
95 574 1
1102 1673 1
295 475 1
291 462 1
2048 2049 1
83 274 1
2204 2265 1
1486 1759 1
1022 1907 1
3283 3284 1
2366 3189 1
591 724 1
2569 2729 1
1130 1822 1
2874 3105 1
67 616 1
2376 2965 1
2789 2946 1
509 848 1
721 722 1
1308 2049 1
364 673 1
528 528 1
1913 2143 1
3034 3035 1
396 397 1
99 723 1
564 775 1
1470 1954 1
121 643 1
416 418 1
1316 1406 1
2315 2768 1
2405 2785 1
79 828 1
1549 1549 1
283 311 1
55 2196 1
1116 2139 1
2599 2979 1
217 724 1
1378 1744 1
1673 1958 1
1005 1586 1
51 355 1
3149 3150 1
522 1460 1
1691 1992 1
291 1714 1
2814 2815 1
101 542 1
2383 2816 1
3202 3203 1
296 447 1
2290 3048 1
2243 3074 1
869 932 1
646 2150 1
2372 2372 1
808 814 1
780 1895 1
1175 1360 1
1297 1725 1
2773 2783 1
1235 1588 1
1079 1227 1
2044 2274 1
348 848 1
2476 2590 1
1143 2103 1
167 608 1
2532 2711 1
1366 2043 1
546 548 1
1243 1505 1
2458 2829 1
88 1281 1
2665 2745 1
2038 2039 1
2955 2958 1
2791 3208 1
643 893 1
608 639 1
121 814 1
481 482 1
901 1004 1
3039 3073 1
62 2593 1
1150 1507 1
619 1004 1
699 755 1
616 998 1
205 670 1
318 597 1
775 847 1
323 514 1
364 525 1
1423 1542 1
188 814 1
295 634 1
1798 2108 1
1289 1636 1
1011 1034 1
378 2596 1
502 1007 1
1409 1710 1
592 615 1
95 698 1
276 580 1
35 643 1
2402 2785 1
534 732 1
2178 2590 1
159 285 1
2516 3108 1
851 2336 1
504 510 1
2277 3029 1
473 822 1
517 525 1
1508 1687 1
2446 2525 1
390 880 1
1266 1540 1
1285 1980 1
993 3085 1
2972 3220 1
377 2371 1
748 1000 1
399 951 1
626 2276 1
634 749 1
401 3183 1
548 986 1
2292 2969 1
1980 2050 1
5 916 1
569 600 1
378 2339 1
1910 1911 1
204 204 1
2259 2744 1
1921 2064 1
325 917 1
1634 1893 1
180 842 1
272 471 1
439 680 1
471 3015 1
3065 3066 1
307 847 1
1314 1583 1
1090 1174 1
876 2401 1
831 886 1
202 584 1
1470 2002 1
1828 2139 1
1058 2024 1
203 274 1
400 401 1
1478 1690 1
2832 3161 1
1163 1500 1
793 818 1
1080 1657 1
2312 3148 1
2809 3129 1
2701 3278 1
2469 2540 1
2780 2870 1
251 517 1
94 445 1
505 732 1
554 1000 1
1807 2847 1
233 390 1
78 732 1
1114 1187 1
1089 1500 1
1530 2008 1
2339 2596 1
1326 1667 1
291 516 1
413 2466 1
1038 1769 1
2005 2006 1
725 2340 1
2347 2860 1
40 146 1
462 609 1
249 388 1
1194 2135 1
638 3046 1
516 747 1
678 1747 1
364 918 1
137 330 1
106 554 1
1557 1558 1
1837 1838 1
1460 1781 1
1362 1661 1
1037 1309 1
1845 2049 1
1040 1309 1
447 744 1
2201 2201 1
390 799 1
1379 1462 1
297 541 1
1708 2753 1
2228 3299 1
956 1000 1
639 640 1
1044 1274 1
263 424 1
919 1010 1
490 805 1
386 932 1
82 658 1
1212 1850 1
768 1876 1
697 887 1
390 576 1
1790 2022 1
363 390 1
1030 1941 1
573 689 1
1090 1392 1
244 483 1
410 411 1
1461 1648 1
1144 2105 1
3146 3147 1
3098 3099 1
1319 1522 1
1287 1451 1
2233 3158 1
1363 1946 1
2216 3044 1
180 987 1
1667 3028 1
265 888 1
152 291 1
280 917 1
572 574 1
90 862 1
862 1969 1
302 804 1
153 422 1
94 444 1
1851 2995 1
628 1243 1
355 483 1
2205 2900 1
1499 1500 1
3121 3122 1
502 664 1
141 418 1
2189 2634 1
716 2961 1
2517 3108 1
242 847 1
2733 2746 1
1306 1418 1
1835 1836 1
460 1006 1
287 692 1
959 959 1
2805 3113 1
351 354 1
1031 1872 1
387 649 1
390 658 1
1414 1476 1
1192 1730 1
302 438 1
1090 1404 1
554 1642 1
729 730 1
146 230 1
1850 1951 1
106 522 1
1248 1538 1
2219 2391 1
488 833 1
132 564 1
65 218 1
34 828 1
2284 2302 1
621 623 1
423 952 1
6 20 1
2105 3044 1
355 747 1
1050 1254 1
1529 2169 1
714 956 1
1186 1648 1
1122 1690 1
78 505 1
862 1129 1
51 470 1
699 700 1
746 747 1
1117 1154 1
126 617 1
522 616 1
5 63 1
179 438 1
2824 2977 1
1034 1665 1
1298 1465 1
220 619 1
122 471 1
591 1017 1
355 356 1
608 896 1
2234 3052 1
2199 2593 1
1153 1629 1
956 1894 1
1088 1236 1
244 364 1
2540 3033 1
1464 1761 1
25 655 1
685 905 1
2213 2740 1
1173 1812 1
429 1409 1
275 619 1
360 419 1
2238 3016 1
1751 2106 1
22 335 1
691 898 1
276 581 1
1727 1811 1
2478 2552 1
947 974 1
272 887 1
2604 2766 1
79 1019 1
1504 1932 1
772 804 1
1420 3107 1
2724 2744 1
889 890 1
1101 1441 1
1623 1623 1
621 623 1
3030 3030 1
2432 2784 1
1359 1406 1
1542 2050 1
2148 2150 1
2716 2717 1
1404 1776 1
1823 3262 1
2334 3290 1
687 769 1
405 2134 1
436 847 1
785 847 1
186 966 1
144 416 1
2317 2457 1
14 544 1
64 239 1
175 479 1
291 640 1
1677 1724 1
460 2361 1
127 471 1
1193 1548 1
1651 1823 1
153 522 1
1853 1918 1
2472 2817 1
1125 1302 1
1045 1704 1
2321 2630 1
1755 1836 1
30 1991 1
1340 1852 1
905 2278 1
828 1543 1
2827 2873 1
631 1003 1
2460 3028 1
1611 2155 1
152 573 1
1695 1828 1
1423 2050 1
735 813 1
2930 2980 1
390 507 1
177 230 1
406 789 1
1935 1936 1
325 326 1
0 690 1
2006 2050 1
130 1498 1
1160 1160 1
1249 1416 1
2344 2624 1
621 624 1
208 659 1
488 790 1
1302 1532 1
1284 1416 1
107 265 1
320 736 1
834 964 1
184 422 1
1443 1535 1
1546 1763 1
327 1701 1
572 573 1
2644 2645 1
308 1986 1
628 1461 1
31 1740 1
287 337 1
732 862 1
1314 1584 1
348 643 1
429 1710 1
1078 1599 1
450 896 1
2294 3193 1
1115 1383 1
1584 1731 1
556 2266 1
215 672 1
2272 3007 1
753 853 1
2622 2859 1
979 980 1
234 571 1
757 758 1
293 651 1
2651 2994 1
176 830 1
1702 1703 1
2212 2423 1
31 732 1
2329 2329 1
1071 1731 1
471 566 1
1219 1236 1
1299 2121 1
2616 2617 1
1349 2031 1
699 906 1
736 737 1
639 799 1
1093 2027 1
201 838 1
1901 1922 1
1980 2033 1
341 1560 1
2006 2109 1
201 2125 1
2049 2050 1
939 940 1
67 998 1
77 735 1
390 700 1
2413 3133 1
1614 1773 1
804 805 1
106 714 1
395 397 1
2559 3120 1
317 390 1
251 438 1
1381 2079 1
2714 2939 1
935 979 1
3222 3281 1
779 1664 1
963 2129 1
481 616 1
1241 1989 1
1236 1687 1
1096 1490 1
1420 2260 1
2445 2706 1
1033 1759 1
1452 2002 1
2584 2586 1
2419 2930 1
1528 2970 1
271 488 1
130 1498 1
2232 2540 1
701 799 1
2302 2506 1
471 1357 1
1747 1984 1
167 390 1
2360 2839 1
1263 1612 1
2204 2762 1
737 954 1
25 683 1
1638 2013 1
2744 2833 1
90 1631 1
2487 3185 1
18 847 1
2674 2674 1
167 291 1
2708 2825 1
2399 2976 1
2463 2669 1
727 728 1
2049 2049 1
810 900 1
826 847 1
1152 2949 1
275 956 1
499 691 1
1583 1657 1
11 945 1
483 926 1
2414 3257 1
672 2420 1
82 390 1
478 868 1
85 366 1
1599 2074 1
164 353 1
1083 1440 1
72 674 1
1197 1587 1
2790 2857 1
1755 1837 1
1641 1754 1
2654 3305 1
172 1168 1
3086 3086 1
326 917 1
2122 2175 1
1164 1795 1
1000 1000 1
2391 2489 1
390 698 1
1078 1190 1
571 697 1
1727 1816 1
1463 2052 1
471 780 1
241 410 1
1348 1353 1
659 1003 1
779 2202 1
1059 1378 1
1150 1659 1
1094 1317 1
31 3028 1
1011 2028 1
155 699 1
1592 1594 1
2166 2169 1
1406 1736 1
86 769 1
336 390 1
265 655 1
157 641 1
549 572 1
75 495 1
1845 2000 1
2323 2832 1
1223 1712 1
12 508 1
1356 2061 1
302 911 1
1747 1986 1
2010 2010 1
2682 2684 1
2953 2956 1
611 950 1
1046 1302 1
2222 2567 1
1400 1970 1
788 847 1
905 1234 1
501 1007 1
1643 1972 1
1416 1431 1
2653 2713 1
259 364 1
1222 1803 1
2449 3075 1
201 1494 1
223 708 1
2320 2401 1
370 1337 1
1089 1347 1
154 291 1
1716 1717 1
71 190 1
1684 1878 1
2437 3286 1
1063 1229 1
2591 2697 1
173 384 1
422 586 1
2476 2736 1
73 894 1
144 146 1
152 266 1
217 591 1
1637 1638 1
2756 3119 1
352 353 1
654 932 1
2845 3235 1
1097 1886 1
253 390 1
390 1000 1
1772 2009 1
1286 1902 1
49 847 1
2247 3189 1
905 3040 1
282 631 1
2550 3004 1
1470 1955 1
31 1357 1
780 2149 1
1051 1253 1
163 290 1
1119 1119 1
364 777 1
347 719 1
1524 1934 1
287 846 1
1767 1768 1
1066 1171 1
1374 2149 1
2447 2658 1
1722 2068 1
747 804 1
659 750 1
28 748 1
816 847 1
570 659 1
1028 1048 1
1257 1880 1
2233 2698 1
1698 1929 1
439 597 1
1165 2066 1
1347 1500 1
31 2774 1
1029 1109 1
2214 3235 1
266 732 1
633 956 1
2683 2684 1
8 1986 1
1628 1752 1
1490 2052 1
69 372 1
3066 3067 1
699 987 1
54 999 1
576 873 1
122 263 1
629 629 1
397 778 1
754 1254 1
299 648 1
2319 2561 1
1721 1919 1
533 533 1
1628 1753 1
1346 1484 1
1431 2193 1
278 310 1
1866 1867 1
51 364 1
1857 1858 1
824 970 1
364 481 1
542 791 1
2784 3031 1
1046 1521 1
145 542 1
0 784 1
51 597 1
1173 2955 1
828 1667 1
1964 2121 1
998 999 1
202 387 1
598 599 1
1236 1860 1
274 735 1
1042 1615 1
279 2292 1
1014 1059 1
1792 1794 1
3051 3052 1
814 848 1
202 933 1
9 158 1
804 911 1
1281 1678 1
1599 1600 1
2214 2845 1
1693 1844 1
107 276 1
5 36 1
263 840 1
2052 2072 1
1268 1517 1
74 991 1
1070 1236 1
295 882 1
1995 1997 1
1024 1527 1
553 2728 1
1490 1709 1
661 908 1
1134 1422 1
564 975 1
404 1343 1
517 871 1
401 402 1
1078 1371 1
1343 1881 1
1770 2123 1
149 637 1
139 495 1
1023 1875 1
417 810 1
461 888 1
1019 1743 1
2614 2617 1
3001 3307 1
252 290 1
2318 3291 1
460 3156 1
271 690 1
572 841 1
553 1951 1
87 87 1
698 700 1
2505 2694 1
1050 1168 1
390 701 1
677 1747 1
685 686 1
3146 3150 1
477 753 1
37 828 1
354 2579 1
1487 1930 1
1059 1380 1
1089 1297 1
1345 2068 1
668 802 1
332 799 1
855 2282 1
3095 3097 1
1020 1496 1
305 1512 1
209 347 1
122 1004 1
272 310 1
874 3155 1
2777 3088 1
184 999 1
2566 2567 1
2673 3141 1
504 747 1
2420 2437 1
156 390 1
42 487 1
153 390 1
294 588 1
2584 2672 1
1102 1958 1
1378 1380 1
751 752 1
1258 1706 1
288 917 1
3152 3152 1
788 935 1
31 471 1
1740 1740 1
1180 1196 1
1229 1707 1
2363 2927 1
159 291 1
329 948 1
116 410 1
624 625 1
2806 2807 1
1784 1786 1
2531 2533 1
235 1568 1
338 827 1
2250 2904 1
9 559 1
1694 1810 1
1359 1735 1
999 1000 1
643 814 1
2647 3085 1
1315 1625 1
1735 1737 1
2456 2552 1
1174 1404 1
40 480 1
324 326 1
150 1701 1
2711 3244 1
3000 3265 1
635 961 1
106 390 1
1634 1828 1
1019 1312 1
1576 1935 1
1055 1962 1
2325 2594 1
69 516 1
34 180 1
1069 2137 1
2268 2821 1
27 393 1
3096 3182 1
1185 1945 1
456 927 1
2507 3074 1
30 1282 1
1045 1944 1
326 1701 1
2441 2699 1
2544 2996 1
441 645 1
1235 1749 1
224 697 1
240 386 1
1307 2036 1
352 2583 1
372 1007 1
1012 2181 1
1045 1954 1
1040 1076 1
251 1956 1
2263 2951 1
1514 1727 1
492 570 1
325 637 1
30 2064 1
936 3020 1
1151 1301 1
2558 3022 1
1357 1976 1
1977 2026 1
58 439 1
495 659 1
1017 1549 1
1014 1380 1
3229 3230 1
1918 2148 1
1734 1985 1
483 597 1
2600 3109 1
460 3159 1
279 358 1
108 1494 1
515 629 1
1101 2171 1
592 1226 1
1274 1892 1
1173 2948 1
1583 1736 1
364 439 1
263 460 1
154 483 1
267 780 1
40 177 1
142 472 1
1435 1436 1
364 470 1
887 2728 1
2025 2052 1
2787 2788 1
278 1724 1
2820 2889 1
2424 2887 1
324 1701 1
195 753 1
285 471 1
2206 2675 1
54 998 1
3261 3263 1
1194 1680 1
1216 1413 1
1876 2081 1
2514 2599 1
1223 1711 1
516 977 1
631 979 1
887 1999 1
464 2745 1
253 926 1
39 488 1
3051 3054 1
387 650 1
1133 2169 1
3033 3202 1
2262 2412 1
85 697 1
2430 2430 1
1105 1606 1
2747 2748 1
1114 2059 1
2606 2607 1
772 896 1
212 439 1
2548 2598 1
277 951 1
3149 3150 1
288 615 1
491 635 1
2852 2853 1
1477 1909 1
432 855 1
1380 1591 1
998 1000 1
364 482 1
40 660 1
1851 2168 1
291 927 1
387 434 1
1034 2007 1
2464 2858 1
905 2161 1
2655 2690 1
1637 1638 1
1634 2244 1
221 390 1
56 1824 1
302 746 1
2837 2882 1
1198 2278 1
1055 1961 1
1188 1918 1
555 901 1
1599 1950 1
549 646 1
1543 2293 1
1314 1657 1
1101 2133 1
2307 2831 1
1409 1681 1
2205 2899 1
1633 1801 1
1590 2052 1
1374 1410 1
1045 1980 1
2643 2645 1
2498 2695 1
176 987 1
2574 2651 1
23 309 1
1801 1851 1
616 714 1
1276 1918 1
364 483 1
2447 2657 1
2227 2844 1
1114 2104 1
202 654 1
2225 2398 1
1181 1638 1
1344 1889 1
3146 3295 1
381 605 1
102 267 1
2550 3005 1
3211 3213 1
1895 1991 1
1075 1169 1
729 1009 1
158 970 1
2545 3274 1
707 708 1
161 309 1
614 2362 1
353 354 1
2839 2840 1
648 2181 1
861 2455 1
1122 2742 1
1416 2157 1
1298 1918 1
495 667 1
740 793 1
355 364 1
94 373 1
31 2665 1
703 892 1
2234 3051 1
2441 3107 1
1386 1758 1
408 516 1
1360 1905 1
1417 1500 1
886 1010 1
232 295 1
2529 2530 1
2444 3167 1
471 556 1
695 1301 1
1083 1196 1
424 426 1
1709 2072 1
1173 2332 1
1919 1920 1
1964 2049 1
55 972 1
1402 2022 1
1354 2856 1
1422 1655 1
2973 2973 1
1326 1796 1
1253 1253 1
1253 1636 1
1846 2049 1
1869 1873 1
705 1420 1
1293 1930 1
551 679 1
2335 3247 1
3188 3189 1
644 1010 1
2501 3036 1
104 140 1
712 847 1
1314 1737 1
58 390 1
1150 1506 1
615 3205 1
1466 2045 1
123 547 1
429 732 1
2328 3153 1
1037 1615 1
2993 3311 1
51 439 1
304 634 1
390 516 1
332 597 1
656 657 1
79 1724 1
1272 1649 1
251 699 1
332 2342 1
1241 1514 1
57 1608 1
1784 2022 1
852 908 1
1463 1590 1
1829 3037 1
2610 2759 1
2582 2662 1
578 608 1
2578 2696 1
135 319 1
634 819 1
1348 1965 1
629 630 1
1532 1532 1
3199 3199 1
1037 1679 1
2587 2587 1
257 573 1
1255 2139 1
106 999 1
1298 1770 1
843 847 1
1144 1481 1
502 1004 1
1422 1542 1
2006 2110 1
530 2987 1
2142 2143 1
1286 1532 1
204 650 1
1073 1387 1
63 97 1
2681 2709 1
265 501 1
1047 1776 1
1704 1705 1
1470 1980 1
1342 1438 1
2312 3149 1
2841 2842 1
2876 2947 1
1068 1718 1
3065 3067 1
1222 2044 1
746 804 1
762 1001 1
1189 1583 1
147 390 1
251 668 1
1386 1757 1
2202 2460 1
1183 1837 1
780 1991 1
720 759 1
452 605 1
2883 3240 1
1989 2149 1
1540 1799 1
214 654 1
2255 2554 1
18 59 1
2337 2731 1
362 971 1
29 793 1
125 822 1
278 828 1
84 743 1
867 868 1
338 901 1
199 606 1
2032 2033 1
310 699 1
1886 1944 1
1307 2037 1
1385 2174 1
946 1238 1
200 582 1
2509 2649 1
822 879 1
731 979 1
1315 1810 1
580 581 1
2467 2470 1
37 79 1
609 1019 1
263 566 1
2863 2864 1
862 1937 1
2226 2341 1
779 3028 1
802 905 1
1005 1336 1
616 999 1
1254 1524 1
2373 2693 1
1652 1868 1
2016 2017 1
1980 2112 1
325 1701 1
390 812 1
354 2586 1
63 916 1
1081 1141 1
1056 1161 1
3146 3151 1
876 1489 1
30 1788 1
2615 2616 1
9 202 1
2657 2658 1
1015 1440 1
240 584 1
875 986 1
668 701 1
3029 3029 1
1512 1710 1
1944 1945 1
291 470 1
1644 1719 1
291 683 1
164 952 1
795 1794 1
2561 2877 1
88 1999 1
1166 1908 1
575 698 1
1549 1624 1
272 516 1
1406 1923 1
2032 2050 1
1524 2041 1
459 697 1
219 390 1
1148 1403 1
488 955 1
438 745 1
616 2018 1
105 275 1
441 774 1
235 1226 1
917 978 1
2142 2144 1
2614 2619 1
537 655 1
338 655 1
1193 1857 1
1475 1679 1
1091 1972 1
2426 2756 1
167 799 1
799 803 1
1657 1732 1
278 2464 1
1543 2460 1
1359 1731 1
2641 3117 1
2242 2665 1
98 390 1
2245 2310 1
2537 2537 1
1673 1959 1
26 1634 1
263 768 1
3055 3056 1
471 1232 1
619 699 1
2313 3157 1
230 625 1
1144 1416 1
126 243 1
611 644 1
57 1981 1
153 275 1
806 2767 1
108 383 1
123 668 1
396 778 1
2270 3051 1
2459 3154 1
1617 1705 1
1225 1411 1
2289 2794 1
31 1489 1
725 876 1
715 2739 1
2295 2832 1
372 502 1
1398 2019 1
471 1169 1
1612 1706 1
938 941 1
271 644 1
483 516 1
94 374 1
441 880 1
612 955 1
28 54 1
155 390 1
1787 1789 1
801 802 1
1467 1468 1
166 731 1
2970 3210 1
1893 1894 1
1221 1900 1
2646 3124 1
1214 2004 1
2071 2098 1
365 799 1
418 822 1
105 176 1
51 616 1
50 763 1
390 597 1
817 1002 1
1664 1921 1
439 444 1
1021 1176 1
1168 1524 1
522 987 1
862 1212 1
28 999 1
752 996 1
364 523 1
631 995 1
713 798 1
51 1005 1
2541 2542 1
1334 1804 1
1165 1788 1
418 1002 1
2952 2955 1
1704 2080 1
665 728 1
1553 1554 1
2418 3012 1
729 737 1
1287 1573 1
2135 2141 1
2493 2854 1
121 866 1
216 684 1
151 598 1
718 877 1
1207 1539 1
389 584 1
1214 1708 1
135 610 1
1460 1464 1
905 2670 1
1731 1737 1
1637 2083 1
2212 3132 1
566 770 1
779 1279 1
493 907 1
660 986 1
1524 1581 1
2829 2933 1
196 973 1
273 432 1
89 548 1
34 829 1
1790 1927 1
460 539 1
1850 1937 1
59 604 1
862 862 1
2541 2944 1
2950 2953 1
1080 1189 1
149 1701 1
1277 2043 1
1554 1831 1
1150 1262 1
905 2728 1
502 508 1
2584 2585 1
2443 3240 1
2126 2127 1
291 356 1
592 685 1
1434 1436 1
1110 1564 1
847 996 1
978 1549 1
2377 2502 1
364 745 1
935 995 1
1235 1456 1
1046 2024 1
1770 1771 1
1811 1918 1
1545 1725 1
792 793 1
1256 1818 1
475 742 1
1973 1975 1
2805 2807 1
441 1531 1
1751 2106 1
1738 1842 1
3105 3220 1
2840 3107 1
1191 1230 1
930 939 1
390 673 1
1928 2022 1
2462 2908 1
1356 1638 1
2606 2607 1
1076 1078 1
2687 2688 1
1678 1999 1
659 660 1
1760 1854 1
172 1934 1
2993 2378 0
1722 3138 0
279 1484 0
846 2465 0
2876 1457 0
2707 1317 0
2715 2353 0
85 2064 0
1517 1048 0
2402 816 0
1127 534 0
2953 1374 0
1572 873 0
1861 2284 0
3247 47 0
237 143 0
1336 3067 0
1771 337 0
346 218 0
501 2711 0
1516 243 0
1703 91 0
1932 1159 0
3224 1981 0
723 2774 0
459 122 0
3096 2036 0
281 132 0
2568 29 0
1173 3076 0
916 1803 0
1029 1895 0
850 2485 0
491 2262 0
3042 567 0
884 326 0
123 393 0
1167 1350 0
1175 734 0
1852 203 0
2031 1247 0
2984 3276 0
2420 3112 0
917 1120 0
2431 1566 0
3016 3202 0
3092 943 0
2960 2817 0
907 2572 0
3192 2826 0
1995 1337 0
2347 1527 0
379 1225 0
2611 1784 0
698 2382 0
1086 237 0
1920 779 0
1944 1236 0
842 2616 0
202 1246 0
536 1331 0
2575 900 0
189 1090 0
2733 862 0
3212 797 0
3095 2686 0
2288 278 0
2415 1015 0
3249 1665 0
1274 522 0
1857 2220 0
760 1230 0
115 2059 0
52 3246 0
949 1825 0
275 2486 0
2315 588 0
659 176 0
1965 733 0
768 345 0
215 3024 0
2891 2967 0
559 1413 0
2646 1787 0
2064 2346 0
378 1095 0
1877 1391 0
304 1081 0
2729 2766 0
1527 2827 0
1049 2388 0
3105 305 0
1511 2701 0
2564 1576 0
3298 2235 0
2242 1335 0
730 1240 0
2119 950 0
1828 1436 0
1238 3051 0
3036 450 0
3054 1755 0
1508 3220 0
1938 2897 0
413 2992 0
732 513 0
2304 2625 0
990 89 0
2673 2277 0
2724 875 0
1344 650 0
124 729 0
44 2255 0
2157 1767 0
1783 1003 0
1684 2580 0
1807 2450 0
1718 2939 0
2376 1772 0
807 347 0
3185 3285 0
1949 1582 0
499 1938 0
1569 48 0
929 986 0
1585 2278 0
626 738 0
2107 1286 0
243 1052 0
2896 1223 0
1833 1513 0
1225 1010 0
595 1069 0
1533 1446 0
840 1988 0
1769 419 0
2449 1826 0
9 2398 0
1732 793 0
2757 2426 0
172 107 0
264 965 0
2559 24 0
2028 3303 0
1620 518 0
2561 0 0
1709 2675 0
1595 9 0
2856 2458 0
590 2907 0
1767 2172 0
494 1591 0
2628 279 0
1757 3278 0
2082 2802 0
24 2258 0
605 2160 0
1812 1454 0
2551 3046 0
511 2176 0
2483 1490 0
2313 987 0
3180 2971 0
711 1874 0
2849 2013 0
1363 2887 0
2149 2246 0
1612 788 0
397 1312 0
2841 2954 0
2713 1078 0
493 1990 0
2952 2206 0
599 702 0
3133 2429 0
11 215 0
2000 2127 0
2976 511 0
2003 197 0
2656 2837 0
1869 2168 0
3065 142 0
301 3101 0
3209 2587 0
2251 2588 0
1840 1810 0
1633 1840 0
1608 2481 0
2129 1211 0
1859 3082 0
83 2993 0
789 159 0
56 2947 0
432 2876 0
1973 1632 0
216 1723 0
653 962 0
335 1812 0
3122 1743 0
306 458 0
700 2639 0
2775 1061 0
2100 2807 0
1494 2723 0
584 2361 0
1545 2806 0
712 2082 0
1163 1448 0
169 2453 0
2970 1634 0
79 908 0
703 25 0
2736 1291 0
2584 399 0
1423 268 0
2225 1920 0
1307 2136 0
530 982 0
913 2683 0
2525 677 0
685 2440 0
2228 1397 0
2252 3293 0
2105 1561 0
1864 1070 0
2617 3208 0
1271 1949 0
556 835 0
528 1180 0
755 2889 0
3252 2238 0
816 3261 0
668 2029 0
223 1116 0
3033 1272 0
1406 3154 0
1270 1569 0
682 1086 0
1168 610 0
1347 1508 0
2459 5 0
1587 1649 0
1880 2031 0
2872 2212 0
2687 1130 0
2749 2215 0
325 536 0
1045 1420 0
1108 328 0
1251 2968 0
899 504 0
1231 1203 0
910 1731 0
2754 714 0
2071 1035 0
126 1880 0
1868 17 0
3181 1037 0
2068 2098 0
2906 1199 0
2902 1749 0
1584 2783 0
558 869 0
1237 927 0
3259 108 0
1421 188 0
1645 2250 0
1897 2699 0
1683 1511 0
2505 436 0
1240 1899 0
2903 3115 0
2073 1483 0
3217 780 0
777 639 0
3228 139 0
1795 96 0
2971 848 0
561 3219 0
1728 1355 0
1739 1856 0
109 1256 0
2468 3185 0
1740 2157 0
2314 2045 0
933 2753 0
427 3038 0
1234 718 0
874 894 0
1 3004 0
1841 692 0
3236 992 0
93 2594 0
2814 2544 0
725 2150 0
2832 1150 0
3244 101 0
359 789 0
2212 363 0
274 1672 0
1312 2669 0
2943 356 0
1481 1128 0
110 1334 0
1291 994 0
20 2107 0
2440 1829 0
1326 104 0
2831 3008 0
3273 2531 0
3104 854 0
1138 498 0
418 1386 0
129 3041 0
2737 2225 0
1220 2341 0
1825 506 0
3186 1624 0
3035 1235 0
855 2602 0
2341 1853 0
608 1114 0
995 1727 0
1038 693 0
1786 124 0
2842 1514 0
1912 838 0
1334 1023 0
209 689 0
2255 1759 0
3093 1962 0
1815 157 0
2781 744 0
3265 3213 0
1768 1807 0
3101 765 0
2196 1924 0
2714 1110 0
587 227 0
1470 1790 0
2789 810 0
1472 388 0
1550 2643 0
1987 3003 0
1658 2890 0
2602 3150 0
232 2079 0
2869 1581 0
2445 3081 0
2367 1345 0
96 266 0
1075 475 0
2912 2022 0
103 64 0
2111 2295 0
689 568 0
1424 1007 0
791 2395 0
2365 1462 0
3086 2512 0
2404 951 0
351 2892 0
1624 2722 0
1353 172 0
2860 2730 0
2840 1439 0
2432 1842 0
1315 1151 0
2012 628 0
2132 2672 0
994 3117 0
1967 512 0
611 2621 0
975 1911 0
1486 2949 0
1794 1953 0
175 103 0
1879 133 0
3043 2501 0
3155 2584 0
212 2898 0
2029 98 0
1499 1959 0
2145 2169 0
597 2696 0
10 3264 0
1934 1918 0
1311 2354 0
1787 880 0
909 2101 0
2229 863 0
1922 1271 0
801 663 0
1950 1248 0
2295 2094 0
59 1779 0
2399 1822 0
1960 491 0
896 1519 0
1265 1546 0
388 2522 0
3004 2534 0
1120 2336 0
1219 1799 0
2273 2080 0
3157 1197 0
1070 615 0
1625 238 0
1133 3218 0
930 1823 0
2008 961 0
802 462 0
125 809 0
1048 660 0
1990 878 0
2807 1973 0
735 1493 0
1383 2111 0
283 131 0
3001 1673 0
1115 2886 0
719 2214 0
1215 3201 0
2373 1599 0
13 569 0
2845 2142 0
1426 539 0
870 2366 0
2784 1951 0
3123 954 0
3211 1212 0
943 2420 0
612 2908 0
2864 2369 0
365 2677 0
2024 454 0
829 2557 0
1789 1517 0
3040 1834 0
488 2061 0
1332 3126 0
2848 1127 0
481 3030 0
1061 598 0
1839 3045 0
1096 604 0
2039 549 0
228 728 0
1356 3266 0
1464 538 0
2742 1657 0
3163 102 0
2683 1998 0
715 2603 0
2975 3088 0
2901 2193 0
1183 1592 0
2759 1475 0
2195 370 0
925 547 0
1203 868 0
2052 1407 0
3184 477 0
439 2820 0
3031 1143 0
1907 317 0
2918 1683 0
3189 3098 0
1941 934 0
260 836 0
1408 1617 0
341 2233 0
89 3167 0
2812 1125 0
3034 2356 0
252 2583 0
387 368 0
2674 62 0
1724 1165 0
3262 676 0
230 2790 0
1194 239 0
1568 1014 0
268 2173 0
2618 981 0
1253 3177 0
2356 1941 0
2101 1622 0
2160 182 0
1496 2192 0
434 3301 0
2790 926 0
2805 1144 0
1695 916 0
213 1713 0
36 2441 0
2062 823 0
890 614 0
1489 556 0
2476 2550 0
577 2364 0
3132 1297 0
2216 1937 0
545 1934 0
3260 2213 0
1399 1160 0
831 386 0
2475 597 0
2099 2205 0
108 2509 0
568 145 0
2316 2174 0
546 1181 0
2057 767 0
347 3284 0
3070 1332 0
1367 1889 0
1627 2362 0
3188 375 0
90 746 0
171 1607 0
1299 322 0
1015 2194 0
2556 1375 0
3257 2961 0
2323 3044 0
2815 1815 0
871 611 0
544 2668 0
576 946 0
2711 3307 0
848 808 0
2946 855 0
2644 3299 0
1890 819 0
1485 471 0
1924 3230 0
1454 963 0
747 801 0
370 1343 0
833 1481 0
733 2856 0
2407 2960 0
227 699 0
2050 1860 0
646 1623 0
2893 3265 0
324 2357 0
1345 896 0
2622 1268 0
503 274 0
1213 1474 0
1979 425 0
2406 1771 0
2181 1597 0
2305 860 0
334 2547 0
2883 236 0
800 1806 0
2223 1773 0
1301 1310 0
2700 1789 0
866 548 0
2080 2004 0
857 2123 0
2284 2025 0
2908 1893 0
2297 335 0
3282 3270 0
250 14 0
2720 1813 0
1755 429 0
817 1442 0
3099 2000 0
525 2037 0
1777 2692 0
428 2145 0
806 90 0
2405 3216 0
960 1543 0
2233 2844 0
2909 1132 0
627 666 0
2898 972 0
3239 1424 0
135 725 0
2657 1863 0
118 3181 0
2306 646 0
1304 201 0
1660 1553 0
2597 2620 0
1150 329 0
1051 2419 0
1845 2026 0
502 2700 0
2625 535 0
906 524 0
1821 1748 0
2867 110 0
1119 1558 0
1361 546 0
553 1034 0
429 1045 0
3089 2476 0
2441 381 0
821 2275 0
1121 2040 0
2245 2816 0
1060 2457 0
2285 284 0
3263 1441 0
2557 2199 0
1415 1115 0
1349 2259 0
661 3069 0
864 3025 0
421 1529 0
435 234 0
362 3000 0
377 2530 0
2695 2840 0
1258 1915 0
1702 2863 0
1561 1694 0
1548 590 0
1346 756 0
748 680 0
1340 2852 0
2462 2651 0
963 2315 0
1665 464 0
1165 980 0
2017 969 0
2416 948 0
195 1896 0
2571 1447 0
3154 784 0
1325 2165 0
345 1740 0
2887 1854 0
2059 737 0
2350 516 0
2378 437 0
261 447 0
1226 209 0
1743 272 0
902 2445 0
1245 853 0
974 2642 0
946 325 0
2824 2901 0
2537 154 0
2530 3129 0
473 490 0
2585 3135 0
2940 1410 0
936 67 0
3019 3039 0
7 2652 0
881 2862 0
877 851 0
1030 1360 0
1279 1328 0
287 2305 0
1853 1202 0
392 1238 0
206 2776 0
1151 457 0
408 1950 0
51 2953 0
1178 3274 0
2011 1909 0
330 1897 0
1196 1606 0
1782 2879 0
71 146 0
3268 1411 0
116 467 0
2988 3099 0
1559 1073 0
2457 658 0
472 1299 0
2344 912 0
303 2655 0
601 264 0
3225 2055 0
886 2339 0
2141 1210 0
1461 1894 0
716 1995 0
2519 280 0
2897 1980 0
609 1185 0
2312 459 0
373 1589 0
2338 1568 0
2456 2934 0
3124 174 0
1462 2304 0
1893 431 0
106 387 0
1467 115 0
3234 2948 0
1921 1598 0
2193 199 0
1192 2591 0
2638 2044 0
366 2721 0
594 571 0
1166 2612 0
581 2103 0
199 775 0
352 291 0
2209 1121 0
518 1459 0
1216 2549 0
705 1717 0
1439 778 0
1403 1912 0
1781 1557 0
2161 323 0
2435 123 0
1600 147 0
284 2368 0
2972 2717 0
681 2232 0
1003 2962 0
1509 1016 0
1181 2977 0
1872 1680 0
677 2657 0
878 158 0
2855 2014 0
1010 198 0
2731 1535 0
6 911 0
792 2108 0
1262 1708 0
498 1401 0
1016 3019 0
1281 740 0
529 1626 0
1553 1051 0
313 1189 0
660 2841 0
585 36 0
45 94 0
2694 805 0
1998 2757 0
1902 3297 0
1822 2519 0
2517 22 0
2806 857 0
2609 2351 0
1227 684 0
1116 2694 0
1514 11 0
53 400 0
2914 3173 0
655 2312 0
310 1776 0
1637 1758 0
3008 1505 0
75 2615 0
2743 1282 0
2933 624 0
2756 2221 0
401 1258 0
888 2091 0
3027 741 0
1442 1931 0
2392 711 0
2249 1040 0
688 1777 0
3074 421 0
586 3125 0
286 3180 0
1954 1017 0
1102 742 0
3020 2129 0
2334 235 0
2838 1614 0
3148 2204 0
2185 70 0
133 1405 0
2102 1400 0
1193 1678 0
2484 807 0
1909 183 0
1564 1231 0
3250 2578 0
127 3294 0
1886 3224 0
2966 1522 0
2353 1532 0
2558 417 0
1239 515 0
2184 1523 0
2765 877 0
1601 444 0
1993 1584 0
1804 2072 0
368 319 0
419 40 0
1507 2267 0
2261 818 0
2044 191 0
148 1417 0
911 861 0
1287 2914 0
513 315 0
3174 365 0
2032 2552 0
372 1600 0
2354 2556 0
234 2138 0
2899 2570 0
2423 52 0
741 3131 0
2545 3007 0
1560 3169 0
1392 1534 0
3121 180 0
1792 3049 0
991 2981 0
3214 2740 0
239 3005 0
2205 623 0
87 1978 0
1951 514 0
2670 1362 0
839 51 0
583 2849 0
1495 1250 0
1597 1554 0
1642 1861 0
1891 1757 0
3045 2124 0
1586 2034 0
2400 2050 0
179 2254 0
624 1646 0
337 774 0
476 1398 0
2692 2325 0
2520 3223 0
539 1071 0
752 405 0
628 1168 0
876 404 0
2767 2252 0
1463 1075 0
1080 910 0
1493 2940 0
1639 839 0
2630 1498 0
2243 2875 0
2271 2744 0
2460 651 0
3305 3161 0
2852 2925 0
1674 169 0
2511 2797 0
2652 1307 0
235 2444 0
471 2210 0
393 1033 0
3199 1878 0
1036 2469 0
282 1122 0
504 2384 0
2472 1858 0
927 1652 0
1037 3043 0
834 2670 0
1742 2932 0
673 613 0
1106 2046 0
236 941 0
2827 2316 0
58 1590 0
2324 2207 0
2384 2464 0
1719 3257 0
988 747 0
3048 263 0
1352 2795 0
2139 1339 0
2361 2032 0
1617 1615 0
2164 2980 0
2816 2860 0
2590 77 0
448 85 0
360 2472 0
1207 2065 0
1068 1994 0
151 885 0
3127 719 0
1690 802 0
2458 3066 0
1626 1399 0
1330 2314 0
2027 1637 0
2387 348 0
1398 3298 0
509 989 0
2049 2405 0
841 1067 0
1101 2787 0
1535 1119 0
2171 3252 0
2253 438 0
348 847 0
2802 1753 0
3177 1381 0
3153 251 0
2401 2066 0
160 93 0
121 1158 0
3205 551 0
2258 83 0
3162 1549 0
727 595 0
344 632 0
267 1042 0
543 3189 0
2359 1352 0
1469 1679 0
541 678 0
3297 2311 0
2600 641 0
2501 2139 0
1747 2337 0
2658 432 0
2250 2320 0
3138 2005 0
1487 770 0
2368 26 0
2589 2166 0
2747 1244 0
1488 2209 0
1887 2516 0
2620 579 0
1607 59 0
2270 1478 0
3131 2163 0
309 65 0
107 2713 0
224 57 0
1255 1577 0
1968 2869 0
255 935 0
762 1601 0
3113 2480 0
979 155 0
1244 202 0
1414 1715 0
2949 1102 0
1694 488 0
166 1851 0
3014 44 0
1130 1178 0
1874 3212 0
537 1467 0
1865 1928 0
721 2039 0
2994 221 0
739 1354 0
3161 2933 0
1673 3295 0
2192 3010 0
3147 372 0
566 301 0
1630 469 0
1566 247 0
615 581 0
1088 3259 0
1827 2187 0
579 1495 0
956 2656 0
2461 1076 0
634 2525 0
2317 427 0
824 2708 0
1006 837 0
1286 1027 0
3303 2074 0
210 1964 0
1276 2596 0
2130 2575 0
2843 1030 0
662 1793 0
1011 1491 0
1577 2460 0
1964 446 0
889 2590 0
1651 1056 0
2226 2793 0
1513 1176 0
1475 3203 0
1158 2658 0
1125 2148 0
253 2523 0
2675 800 0
1885 874 0
996 2237 0
1649 461 0
1419 944 0
3240 3288 0
514 3262 0
69 771 0
3150 2561 0
437 2446 0
2002 2470 0
706 3032 0
78 661 0
3050 2164 0
14 695 0
547 727 0
551 840 0
2543 1916 0
1379 389 0
1854 2437 0
1663 1587 0
522 41 0
1404 2406 0
2696 2515 0
3283 3070 0
153 1763 0
327 1977 0
386 3309 0
2873 1656 0
1831 3153 0
1354 1406 0
2973 2027 0
1498 2506 0
3275 1323 0
2122 1850 0
3202 1718 0
2859 1866 0
3069 249 0
1634 1801 0
1189 184 0
1089 2443 0
854 2952 0
2056 487 0
147 63 0
2944 2113 0
396 2706 0
2037 683 0
3067 1109 0
805 2503 0
1004 3095 0
2166 2780 0
2061 2881 0
3294 1516 0
35 920 0
2035 1394 0
2588 626 0
954 821 0
858 55 0
2351 2242 0
621 364 0
1721 1326 0
2624 2839 0
2103 452 0
1478 1695 0
2958 241 0
1609 397 0
713 768 0
1764 2006 0
849 2347 0
1199 717 0
1176 2595 0
1014 151 0
1223 1739 0
2554 1593 0
880 167 0
441 3250 0
293 2024 0
1260 2627 0
3169 609 0
2413 195 0
3310 1963 0
2429 2736 0
812 2355 0
3025 1368 0
765 1764 0
3278 1349 0
1360 1824 0
3255 983 0
2959 577 0
1144 99 0
2364 224 0
731 990 0
163 2678 0
3126 213 0
658 265 0
2224 428 0
1870 1031 0
1405 602 0
2875 2273 0
1171 1819 0
1440 582 0
798 1613 0
2240 1287 0
2783 2923 0
17 1945 0
460 1926 0
3187 2350 0
828 732 0
722 2371 0
717 573 0
1622 1698 0
77 1325 0
1653 190 0
1710 2859 0
1819 2756 0
763 643 0
3055 2407 0
1813 1843 0
684 1275 0
1836 1545 0
3059 956 0
2553 2995 0
2865 977 0
650 673 0
333 3075 0
1001 2217 0
967 2402 0
2916 7 0
1169 3296 0
657 2487 0
811 2873 0
3076 3229 0
1606 1512 0
1528 426 0
2006 1499 0
1750 2230 0
2900 1929 0
1118 2733 0
2115 2641 0
1476 1794 0
1955 591 0
1772 1314 0
3116 2593 0
2945 503 0
1706 3241 0
1418 1237 0
1975 493 0
1318 359 0
2065 906 0
2569 1936 0
2123 1664 0
1849 1179 0
3000 1136 0
1894 441 0
851 3156 0
2280 2586 0
1758 257 0
2485 1063 0
2879 1340 0
575 612 0
422 3260 0
1554 1011 0
2651 1704 0
47 1453 0
1063 2317 0
1915 1066 0
1453 722 0
41 1821 0
1490 2838 0
604 79 0
3152 2768 0
1254 35 0
596 1544 0
1856 1220 0
510 2542 0
2712 1409 0
1386 1477 0
417 2847 0
3159 2865 0
1711 1786 0
349 2452 0
2616 2759 0
517 163 0
1366 1636 0
965 1538 0
2055 691 0
2740 3275 0
2570 1093 0
18 360 0
986 217 0
2190 2972 0
1751 409 0
1980 2491 0
964 3036 0
462 1253 0
2437 1118 0
1457 656 0
1701 3235 0
1082 627 0
2422 1080 0
495 1171 0
1892 2498 0
2033 2904 0
2150 1868 0
757 1993 0
2578 1710 0
74 817 0
861 3104 0
2177 2720 0
1837 2510 0
2262 2134 0
2529 116 0
736 3311 0
157 638 0
1416 1433 0
1012 13 0
938 745 0
1430 813 0
2523 2459 0
2467 2824 0
3264 2290 0
515 622 0
2247 164 0
893 1094 0
3208 1020 0
1521 140 0
2094 1196 0
2508 505 0
3198 2815 0
143 997 0
299 2743 0
2567 3015 0
2706 1347 0
2179 2644 0
2018 424 0
240 283 0
2947 473 0
2809 1956 0
1033 2109 0
702 889 0
164 1443 0
3193 1766 0
2443 2130 0
1657 1747 0
1656 3247 0
823 1734 0
2985 2133 0
1229 640 0
1652 72 0
2768 1585 0
2615 2414 0
1298 2565 0
947 2624 0
1306 979 0
2634 2877 0
1988 1867 0
1628 2431 0
2690 1518 0
1209 1560 0
1337 1476 0
827 1085 0
3230 2151 0
1763 2224 0
2464 2340 0
1679 1905 0
374 2895 0
1611 311 0
1190 790 0
600 3028 0
214 2539 0
1500 587 0
2488 687 0
1129 3287 0
2755 1571 0
144 1885 0
699 193 0
2793 1933 0
1136 160 0
1477 2463 0
1738 3052 0
2604 32 0
1402 2240 0
1034 2511 0
174 1910 0
2877 1012 0
3287 2449 0
691 2695 0
1901 596 0
2662 2338 0
1280 2996 0
2853 2951 0
50 2746 0
2113 351 0
1753 2747 0
105 242 0
400 1814 0
1986 938 0
294 1930 0
3233 287 0
1512 1468 0
438 2292 0
48 1515 0
1961 2529 0
2739 681 0
2142 1944 0
272 607 0
2134 2478 0
1179 1224 0
1581 1530 0
1180 1736 0
332 828 0
1021 2673 0
1090 3263 0
531 841 0
1083 1004 0
2227 2966 0
1448 1489 0
548 2646 0
72 3273 0
2788 3188 0
1591 2872 0
2268 1729 0
1503 1537 0
1640 366 0
2654 1792 0
552 1869 0
2470 1507 0
319 1572 0
1544 1712 0
1959 3151 0
2153 357 0
1479 1473 0
589 1260 0
1013 542 0
1071 1724 0
2486 918 0
1186 1986 0
2014 1388 0
686 1469 0
1397 1837 0
1963 1079 0
666 2854 0
3010 752 0
1132 507 0
3060 2216 0
814 933 0
95 672 0
2672 3065 0
302 644 0
1677 1380 0
409 2626 0
492 864 0
1387 564 0
1978 3050 0
2491 3172 0
1823 2112 0
2607 3211 0
1803 1270 0
2968 915 0
2978 2056 0
2826 1883 0
3026 829 0
64 892 0
2579 150 0
1388 1104 0
3023 3034 0
99 3001 0
2013 1804 0
1958 2245 0
978 1699 0
1594 1844 0
822 2622 0
2780 1366 0
407 594 0
1028 1886 0
952 1796 0
2905 1219 0
1599 570 0
1945 2679 0
3003 307 0
1025 2007 0
2424 1575 0
971 2666 0
2699 1919 0
2566 1730 0
1641 1818 0
578 2418 0
1773 631 0
1160 720 0
534 572 0
651 830 0
2791 204 0
1518 382 0
2355 2674 0
1522 649 0
2890 2755 0
875 1281 0
2555 1997 0
3190 3014 0
826 2745 0
2748 1612 0
2426 1800 0
291 871 0
101 2100 0
1211 3236 0
2473 2551 0
542 3013 0
2264 2536 0
2083 1970 0
1214 1025 0
3210 940 0
177 2555 0
1420 1609 0
3182 822 0
845 870 0
745 1129 0
436 1684 0
2828 2328 0
1583 3162 0
1164 697 0
573 2693 0
191 231 0
1918 2456 0
1814 3217 0
2668 494 0
1232 2729 0
3269 2825 0
1992 1648 0
278 2467 0
1733 1162 0
746 1124 0
380 3084 0
937 617 0
2410 2724 0
1638 1488 0
2010 2416 0
644 478 0
137 1261 0
970 314 0
37 1412 0
1285 3282 0
2796 1190 0
1574 798 0
2380 377 0
928 1298 0
2036 2181 0
2565 214 0
2999 3267 0
1052 3113 0
1370 3199 0
1972 2994 0
1483 2788 0
2478 879 0
873 561 0
3062 2809 0
506 309 0
2452 2488 0
1933 2979 0
1391 1852 0
1760 919 0
2536 2541 0
208 281 0
336 2222 0
470 1967 0
247 3225 0
3284 1074 0
1532 2833 0
774 2574 0
2254 2126 0
2773 1573 0
2844 2628 0
271 502 0
296 1346 0
1445 1344 0
411 285 0
1734 1751 0
759 134 0
3108 2310 0
2981 1106 0
173 1047 0
183 121 0
2208 1765 0
1155 3163 0
1655 3063 0
1069 97 0
285 2265 0
1519 402 0
1878 161 0
2580 529 0
2025 633 0
1451 2149 0
2294 555 0
1093 423 0
280 422 0
1942 168 0
1899 1193 0
1928 1876 0
2684 244 0
2318 2600 0
1906 2532 0
3119 2891 0
356 3093 0
2336 664 0
1031 2058 0
3129 2324 0
1433 2095 0
2954 712 0
1256 1873 0
3295 68 0
1748 812 0
793 1265 0
2777 2401 0
1046 3249 0
2148 3244 0
1790 1046 0
2487 2035 0
1602 346 0
457 2537 0
2850 2161 0
1557 324 0
241 1588 0
1335 392 0
2490 82 0
3058 710 0
3307 74 0
2207 349 0
442 200 0
152 2413 0
521 3132 0
1659 1449 0
1425 2599 0
2549 1642 0
1161 3268 0
1117 1123 0
2110 1651 0
3109 1608 0
2210 34 0
3281 1155 0
3084 1148 0
2878 148 0
263 2423 0
2093 3233 0
444 3168 0
2639 1255 0
2465 1353 0
1605 1752 0
1543 1760 0
2951 653 0
2302 1640 0
507 888 0
8 3080 0
2787 2758 0
598 1811 0
2151 637 0
1104 3228 0
2506 1816 0
3279 1207 0
564 605 0
1971 1785 0
3158 1133 0
976 2564 0
1266 936 0
1632 339 0
918 629 0
2388 455 0
1206 2796 0
571 865 0
2544 480 0
786 804 0
1292 28 0
1598 704 0
2040 448 0
1707 411 0
708 3054 0
674 845 0
2182 1706 0
1667 1948 0
3165 1687 0
1843 1131 0
1646 730 0
955 2640 0
1432 31 0
192 2300 0
203 1452 0
901 261 0
3291 3023 0
104 410 0
1471 125 0
3011 2410 0
505 2227 0
1730 1686 0
2770 1218 0
1098 1055 0
1007 1348 0
1067 2848 0
1712 2015 0
1005 2762 0
2079 1311 0
643 1065 0
445 451 0
729 1690 0
1410 566 0
1473 2435 0
1114 2871 0
49 850 0
2980 1836 0
1246 1633 0
616 2359 0
1437 1500 0
508 739 0
2133 2789 0
1717 811 0
2183 554 0
1044 1668 0
779 3009 0
2797 2473 0
1863 2697 0
2881 1383 0
31 27 0
1588 341 0
2155 2645 0
2663 2412 0
3081 1650 0
622 1192 0
1766 1479 0
2276 2619 0
2298 2773 0
1749 583 0
257 216 0
477 1432 0
217 276 0
259 130 0
2701 2988 0
2962 834 0
0 1000 0
1188 2175 0
2121 332 0
2871 544 0
549 1147 0
2430 2271 0
2653 2634 0
2601 531 0
1571 3281 0
1582 2589 0
2098 2520 0
1249 1782 0
2612 135 0
1076 220 0
2453 3040 0
665 688 0
102 2202 0
885 1979 0
2311 2093 0
1919 177 0
868 10 0
2163 1770 0
1310 939 0
221 1043 0
1592 1714 0
159 2930 0
3223 881 0
797 2270 0
2728 2517 0
631 2415 0
1736 1542 0
707 2089 0
2327 294 0
2168 1472 0
3120 1164 0
750 3198 0
1623 762 0
2649 2554 0
1417 586 0
830 947 0
2246 2200 0
1474 282 0
2206 3086 0
122 1487 0
2466 3102 0
2957 2748 0
2825 2468 0
146 3182 0
2631 1754 0
2328 898 0
57 3120 0
2693 1653 0
1412 589 0
1019 2261 0
2708 849 0
2583 1691 0
2603 2805 0
1341 654 0
3206 2851 0
2817 1369 0
1889 3058 0
2371 964 0
1143 1881 0
3061 1186 0
3246 580 0
1043 2792 0
1927 3147 0
1390 2334 0
1648 2375 0
1537 2500 0
451 1451 0
773 2866 0
2938 1019 0
1985 2558 0
771 2648 0
198 378 0
683 1292 0
635 2360 0
2779 156 0
2335 530 0
3173 2528 0
2395 2048 0
617 3027 0
3015 1768 0
130 1243 0
1378 2508 0
1969 2777 0
813 343 0
2547 1302 0
1515 635 0
2300 1521 0
2118 1958 0
3082 1437 0
997 2842 0
2236 2709 0
94 2054 0
2539 974 0
610 824 0
1375 2226 0
3218 2135 0
1022 3133 0
1275 1423 0
2015 286 0
1529 344 0
2542 2738 0
2194 1166 0
1074 2714 0
694 2665 0
381 1154 0
2054 1426 0
1895 1932 0
5 2682 0
311 3231 0
972 694 0
295 521 0
2932 3239 0
951 1922 0
2863 2521 0
1699 2228 0
982 1013 0
84 1605 0
898 2918 0
1903 2545 0
1323 755 0
1820 3165 0
574 1206 0
1818 2698 0
2446 2614 0
70 2742 0
799 621 0
2895 2308 0
2204 648 0
2398 600 0
3041 259 0
2447 320 0
2272 1991 0
993 3016 0
2342 2272 0
140 2902 0
478 517 0
2697 127 0
1308 1831 0
3270 1732 0
3288 541 0
2531 394 0
176 1719 0
2189 1370 0
3296 3119 0
2126 3214 0
2174 1955 0
158 659 0
2813 2335 0
1153 2293 0
1946 310 0
879 701 0
1681 2569 0
1273 2104 0
2709 1216 0
2522 2424 0
1860 2038 0
980 1445 0
1252 1628 0
2308 2791 0
1716 233 0
2810 914 0
3285 993 0
1221 749 0
2645 1540 0
2256 1471 0
2038 769 0
1762 1173 0
3311 481 0
1162 1083 0
200 2475 0
1081 230 0
2746 2664 0
3044 2329 0
3227 576 0
2886 470 0
2214 3226 0
3038 2144 0
238 616 0
389 2843 0
1235 806 0
1737 260 0
2001 1461 0
55 1191 0
1770 2731 0
3118 2489 0
1484 2011 0
2041 1984 0
720 1100 0
1293 2853 0
2721 2223 0
350 1750 0
1579 1769 0
2481 2096 0
62 967 0
2215 1050 0
670 1735 0
2774 1002 0
2950 2367 0
2795 2568 0
1035 1533 0
3267 196 0
2961 2999 0
2889 1221 0
1589 1744 0
1263 1887 0
1105 2810 0
88 686 0
2325 2313 0
3117 2372 0
2438 3073 0
1316 1675 0
1615 3124 0
3241 483 0
1267 2063 0
2109 2579 0
1250 1285 0
2803 501 0
2576 970 0
934 606 0
1816 3037 0
2363 2201 0
1268 585 0
1444 2737 0
181 3018 0
1846 1174 0
679 867 0
803 208 0
3032 2403 0
73 2318 0
932 1342 0
2532 352 0
992 2177 0
3286 1315 0
390 1434 0
186 2073 0
737 3110 0
1369 1097 0
3125 2387 0
2574 1245 0
714 495 0
139 2598 0
248 2631 0
1055 3242 0
1754 2893 0
1900 2017 0
2550 708 0
1348 482 0
1272 2764 0
778 1273 0
1465 1277 0
718 1001 0
945 369 0
2293 374 0
704 2606 0
2289 2001 0
276 706 0
1913 907 0
989 2012 0
1222 2303 0
1355 1135 0
2299 3253 0
2339 175 0
3175 109 0
1459 3184 0
1923 2597 0
2730 2302 0
3052 1862 0
3018 1460 0
2677 1239 0
1680 380 0
1905 3116 0
968 2924 0
258 1257 0
3203 232 0
3242 2882 0
572 2247 0
1107 968 0
606 1038 0
2717 858 0
2934 250 0
1434 336 0
2833 1049 0
2892 2728 0
2477 2234 0
1297 2495 0
678 955 0
2375 2540 0
1409 731 0
1714 2630 0
3009 1667 0
3301 3127 0
1065 2955 0
962 2306 0
2213 1021 0
3145 1249 0
2403 416 0
1100 891 0
2862 362 0
1147 2936 0
2046 18 0
973 1276 0
2089 1009 0
2022 2984 0
2619 1415 0
2681 1761 0
2800 1596 0
1798 45 0
1314 2716 0
185 831 0
1881 721 0
2515 3160 0
942 1356 0
2265 2828 0
758 2003 0
687 625 0
2063 3089 0
3229 1098 0
1492 2543 0
338 1663 0
1873 384 0
1614 1198 0
1713 1641 0
2666 1891 0
1411 917 0
2136 1701 0
1844 2781 0
1824 439 0
1729 3175 0
2474 1308 0
2512 1301 0
2135 258 0
819 1267 0
1079 1006 0
983 3310 0
42 1923 0
784 3026 0
1953 1385 0
425 2430 0
2766 3145 0
633 2959 0
1525 1402 0
1956 736 0
780 78 0
652 252 0
3046 212 0
1407 2298 0
3200 173 0
2362 338 0
2199 299 0
3115 922 0
3007 1681 0
3049 1742 0
2269 2858 0
3056 698 0
555 1658 0
695 1709 0
524 1111 0
2176 668 0
1198 1183 0
2507 2249 0
2965 2299 0
2627 3190 0
1317 53 0
1466 2365 0
2716 442 0
318 1492 0
1573 1509 0
2045 3035 0
669 2973 0
648 2943 0
265 3092 0
625 3062 0
920 479 0
2979 952 0
2643 2454 0
1883 949 0
2278 1594 0
2077 3020 0
1148 2344 0
922 1456 0
3235 913 0
2688 2896 0
1759 2909 0
1793 2253 0
364 3174 0
3080 942 0
2540 1907 0
1575 1262 0
1185 2978 0
2582 3178 0
3191 2831 0
2723 2739 0
355 2380 0
1191 833 0
3309 1194 0
2319 2155 0
1094 1187 0
22 2307 0
1376 171 0
2053 271 0
358 2916 0
320 2647 0
2606 1414 0
2598 1846 0
2320 288 0
3168 3149 0
2992 1611 0
2930 3305 0
853 105 0
3024 390 0
3226 1096 0
981 1496 0
3231 2976 0
770 3059 0
2764 2927 0
1689 2821 0
3107 592 0
2926 558 0
3156 575 0
891 508 0
1141 652 0
656 383 0
2357 1319 0
1590 3033 0
3037 3251 0
2907 899 0
2776 608 0
2821 2945 0
1054 2653 0
1187 716 0
391 1845 0
533 1229 0
3097 905 0
65 1872 0
1916 1503 0
1596 1900 0
959 1627 0
751 1152 0
3195 601 0
1708 1242 0
1224 2236 0
1212 3118 0
2369 645 0
131 3123 0
863 1316 0
1371 1677 0
2087 1580 0
649 1788 0
1243 1054 0
1134 3308 0
2414 2494 0
1999 2376 0
357 2883 0
2591 2009 0
141 1531 0
482 1232 0
775 1975 0
998 1525 0
98 559 0
2498 2770 0
2510 2970 0
2502 3221 0
2596 1689 0
2595 665 0
1091 945 0
1851 748 0
500 2629 0
912 2190 0
452 882 0
3029 435 0
2282 2800 0
205 2268 0
431 1725 0
2277 690 0
2995 240 0
1241 2493 0
2178 2850 0
1610 976 0
838 2219 0
1629 2105 0
25 996 0
3030 1989 0
249 293 0
2112 786 0
1328 1985 0
2925 2071 0
693 141 0
2533 2946 0
3253 2582 0
2682 937 0
843 2749 0
1460 2712 0
2482 2483 0
1443 1284 0
385 1058 0
1131 1574 0
987 2383 0
1504 2399 0
640 1309 0
3141 1737 0
1858 472 0
620 295 0
638 998 0
2143 189 0
1097 304 0
2503 205 0
156 1376 0
82 3158 0
1668 3097 0
3102 2396 0
1042 1604 0
835 2244 0
233 3031 0
2629 277 0
580 30 0
3167 2867 0
2955 106 0
1937 792 0
935 367 0
1752 1222 0
613 1044 0
2939 39 0
2075 537 0
1546 843 0
614 1438 0
1947 248 0
1000 901 0
2854 2667 0
999 2274 0
2541 3055 0
2125 3206 0
2019 1022 0
454 2115 0
820 73 0
1024 1859 0
1800 975 0
490 1968 0
860 1485 0
410 3148 0
1059 2377 0
603 2767 0
1505 86 0
1534 846 0
2290 2373 0
433 1882 0
1779 2052 0
749 69 0
2948 166 0
1257 1849 0
519 2864 0
382 713 0
28 2466 0
1801 49 0
2360 1733 0
1174 456 0
1876 149 0
1248 2638 0
1735 1857 0
915 2119 0
969 1234 0
2144 565 0
1991 3159 0
3290 1060 0
1558 859 0
3051 3096 0
1218 2926 0
2433 662 0
405 1435 0
399 500 0
1838 1631 0
1122 552 0
939 2392 0
588 1392 0
1456 2681 0
1374 2243 0
245 1421 0
1910 1564 0
1776 2477 0
672 2062 0
2648 1660 0
764 2033 0
623 750 0
1829 2688 0
136 395 0
242 87 0
2007 1422 0
1756 1855 0
767 3200 0
1930 460 0
680 1965 0
1636 814 0
2048 2812 0
343 2068 0
1725 2043 0
487 2937 0
753 433 0
1989 1901 0
591 2794 0
2820 1028 0
12 1390 0
2987 206 0
204 2754 0
423 1361 0
3028 396 0
3213 1091 0
315 1798 0
3183 2327 0
3068 2571 0
288 1705 0
464 932 0
1017 758 0
308 2765 0
2704 803 0
317 1625 0
1810 267 0
406 334 0
2127 210 0
2493 753 0
2219 1101 0
328 1536 0
1431 1595 0
3100 1279 0
940 1464 0
1302 313 0
3308 2684 0
2260 84 0
2412 333 0
2641 228 0
1948 56 0
2665 1999 0
2772 2814 0
1277 757 0
852 2342 0
424 657 0
1135 2987 0
3178 2417 0
1524 2404 0
1020 2041 0
2244 434 0
180 327 0
744 2533 0
394 1117 0
193 1108 0
785 1610 0
86 3011 0
34 2944 0
900 3195 0
3013 999 0
2621 1927 0
1400 887 0
2232 1430 0
882 584 0
3088 785 0
3130 1781 0
2480 3240 0
1124 269 0
1761 2548 0
1342 2332 0
161 1659 0
1452 3227 0
1152 2585 0
1056 2251 0
142 1674 0
892 1841 0
155 1068 0
667 1693 0
1350 373 0
1436 1105 0
2235 1153 0
3160 2432 0
3151 2956 0
966 3155 0
1109 2870 0
1438 2256 0
2785 75 0
2005 759 0
2494 619 0
1580 959 0
1926 705 0
2173 1280 0
132 1728 0
795 930 0
30 3061 0
1110 1548 0
1997 1524 0
1542 3193 0
2967 2057 0
1050 1906 0
1796 1444 0
743 928 0
1329 414 0
2500 255 0
251 827 0
567 724 0
1491 2288 0
2137 1263 0
1047 2950 0
2124 791 0
2337 1903 0
446 1289 0
2904 1088 0
2977 1024 0
2016 1465 0
692 219 0
2292 1879 0
1538 528 0
2738 2110 0
182 2845 0
2175 3245 0
2104 3141 0
3005 358 0
2936 2121 0
354 3290 0
1236 2077 0
2837 303 0
3022 2618 0
97 2704 0
2096 743 0
790 1059 0
269 3205 0
353 519 0
2528 2285 0
602 1170 0
950 2604 0
1530 1721 0
1727 1865 0
244 1387 0
2454 2132 0
1123 670 0
869 525 0
2310 2975 0
3219 144 0
2230 1134 0
1896 1645 0
1111 2102 0
2381 1946 0
2610 1839 0
2847 3068 0
220 2323 0
639 1226 0
2469 1427 0
1984 2438 0
1449 1089 0
2436 3103 0
3073 2617 0
2614 2141 0
1040 1722 0
1230 2906 0
2074 3021 0
810 523 0
756 1167 0
1576 2179 0
1862 12 0
2340 2002 0
1855 2715 0
68 3109 0
2383 2189 0
607 245 0
2762 2576 0
1977 764 0
458 620 0
1799 2785 0
266 1711 0
1834 1274 0
710 685 0
926 2196 0
375 1661 0
1095 2559 0
742 1403 0
2870 2965 0
2599 178 0
1715 391 0
1365 2010 0
2332 192 0
2222 985 0
3271 2829 0
322 2868 0
1331 1586 0
664 2019 0
836 723 0
154 991 0
395 2985 0
145 842 0
1691 630 0
2172 1935 0
3221 1762 0
91 6 0
1539 306 0
475 1036 0
1284 2957 0
1698 1251 0
2794 679 0
905 2263 0
3293 2195 0
339 406 0
809 1163 0
887 136 0
1675 353 0
2593 1431 0
231 408 0
1427 355 0
3254 2184 0
1664 966 0
2548 1227 0
1468 137 0
1422 1992 0
2463 1470 0
903 510 0
1705 3283 0
2391 703 0
273 1738 0
2874 2878 0
1309 777 0
535 2958 0
1593 3012 0
1073 655 0
26 2813 0
1066 1808 0
3075 2282 0
654 2433 0
2923 3192 0
1523 929 0
305 715 0
456 1293 0
2303 2707 0
2004 795 0
2138 401 0
1261 3186 0
818 3122 0
3135 179 0
1170 1908 0
690 308 0
2509 2099 0
1911 129 0
167 2276 0
2586 1254 0
3039 2208 0
3274 2474 0
772 3152 0
1531 1703 0
1009 2125 0
2237 3108 0
1027 42 0
1604 1320 0
1282 1494 0
516 3060 0
948 3029 0
2444 1363 0
2108 984 0
1842 290 0
1962 1976 0
804 2919 0
2220 886 0
2640 2319 0
450 3022 0
3149 1969 0
523 385 0
1078 1161 0
808 634 0
168 23 0
2321 995 0
1536 2482 0
3021 925 0
3222 2462 0
2169 1827 0
2187 1835 0
2009 2016 0
1540 1602 0
2095 2484 0
2956 1419 0
592 2049 0
663 1175 0
2866 2900 0
2669 1266 0
859 1169 0
170 2502 0
1242 2690 0
2266 3157 0
2450 2801 0
1159 413 0
1128 2811 0
1099 407 0
3103 1559 0
837 2264 0
2989 1783 0
1394 973 0
1247 667 0
363 2663 0
3110 118 0
2647 2832 0
461 603 0
1784 2989 0
190 1620 0
1319 2269 0
1362 445 0
619 1629 0
897 2171 0
290 1099 0
738 2607 0
201 186 0
3066 1833 0
641 903 0
2234 2662 0
2655 1404 0
2419 669 0
1549 3191 0
1806 1506 0
2792 760 0
645 350 0
40 2137 0
404 1082 0
2982 2143 0
2679 1972 0
2924 273 0
1339 1795 0
307 893 0
2572 1870 0
1686 1702 0
3098 2490 0
219 2903 0
2091 3130 0
2927 8 0
455 700 0
3201 876 0
314 3107 0
1826 1107 0
2587 1213 0
1731 2687 0
39 330 0
2919 2391 0
630 1241 0
637 1365 0
1650 2775 0
862 2938 0
1935 185 0
469 2912 0
740 2321 0
1631 890 0
941 971 0
2221 2461 0
197 988 0
2745 2425 0
467 1371 0
63 1902 0
1970 3255 0
1380 2654 0
1661 492 0
2396 1838 0
1981 1583 0
2106 1960 0
2307 253 0
134 2507 0
1867 773 0
1210 1877 0
178 2087 0
2667 170 0
196 533 0
2043 2178 0
1023 735 0
2455 3209 0
367 599 0
3085 1378 0
2811 2075 0
1875 1304 0
23 1579 0
865 2153 0
2200 262 0
867 1318 0
1085 1329 0
1368 902 0
2329 1367 0
1908 2905 0
847 754 0
1643 3279 0
2521 1418 0
2366 960 0
1644 3100 0
150 2106 0
1613 476 0
944 3056 0
27 2280 0
1289 1987 0
384 509 0
1850 2611 0
1441 1820 0
569 2455 0
463 1440 0
3220 909 0
894 2779 0
582 2566 0
676 1 0
1154 153 0
2217 1550 0
788 2266 0
480 2297 0
1413 799 0
2058 3271 0
3251 2610 0
2758 2294 0
2534 2028 0
1385 3105 0
2026 1539 0
32 2505 0
2858 1408 0
1936 2122 0
1994 2400 0
2801 2363 0
2664 3222 0
2263 1971 0
3261 1643 0
1931 3210 0
2489 866 0
908 578 0
2882 2567 0
2274 820 0
2382 1528 0
3112 3048 0
754 2982 0
2678 1954 0
2969 2092 0
1506 2008 0
1446 1504 0
1687 418 0
728 54 0
1866 453 0
2829 772 0
426 354 0
184 2553 0
2996 302 0
2072 2183 0
769 2018 0
1058 2784 0
2857 1005 0
1678 1359 0
369 3234 0
1320 1892 0
329 3254 0
2092 181 0
262 1875 0
218 2053 0
914 296 0
1835 3085 0
961 1630 0
2698 852 0
2066 88 0
54 2447 0
1672 1921 0
414 3121 0
632 763 0
483 1828 0
1723 1639 0
2238 297 0
188 318 0
402 2609 0
3276 2260 0
1744 1209 0
3266 3286 0
697 2899 0
2377 379 0
1197 682 0
2201 2649 0
326 152 0
2418 1644 0
1447 20 0
2626 707 0
3063 1864 0
2642 2081 0
67 275 0
3172 826 0
1976 2857 0
3216 3269 0
297 499 0
554 1330 0
2753 2874 0
1202 1416 0
3146 545 0
29 2601 0
3299 1341 0
383 95 0
1357 3042 0
1693 978 0
2937 897 0
570 884 0
1381 2185 0
2081 2422 0
565 1463 0
323 1890 0
2495 2083 0
2851 2229 0
1765 58 0
2722 2772 0
1435 463 0
479 1252 0
629 1716 0
416 1942 0
149 71 0
3012 3074 0
447 2436 0
277 223 0
2417 1913 0
984 2969 0
1811 1655 0
2552 1466 0
2516 2381 0
453 1336 0
2594 1215 0
985 2855 0
1343 1379 0
2514 553 0
2202 2514 0
1401 1486 0
3245 3291 0
2165 1961 0
2839 1947 0
2275 50 0
701 2118 0
2868 674 0
538 3146 0
2372 2289 0
2034 543 0
2425 1029 0
2259 1141 0
724 2803 0
1002 37 0
2267 3187 0
1704 1306 0
1359 1188 0
2346 1214 0
977 1357 0
1929 574 0
2744 1638 0
1882 2182 0
512 3183 0
919 1138 0
2686 1707 0
1808 126 0
1788 1425 0
2327 2932 0
2690 2314 0
780 2094 0
1772 1362 0
3059 927 0
56 1586 0
1021 388 0
1762 1398 0
909 44 0
559 2495 0
2398 2034 0
1420 3211 0
2859 612 0
143 859 0
1268 2376 0
2307 265 0
1051 2151 0
2214 3287 0
228 774 0
1531 2143 0
2137 660 0
1463 2715 0
3297 3199 0
1901 2072 0
727 3001 0
1954 385 0
1878 1344 0
3264 2793 0
2263 780 0
2168 2987 0
2611 2517 0
52 1777 0
3219 737 0
2008 541 0
1828 930 0
2729 1237 0
2190 2437 0
89 663 0
2797 288 0
738 2809 0
2037 2354 0
1089 1951 0
839 205 0
1120 1061 0
2160 3018 0
2222 251 0
644 2528 0
2864 741 0
2435 785 0
2800 262 0
1564 1936 0
2869 1187 0
1449 1866 0
1360 492 0
1495 870 0
575 2959 0
853 2469 0
139 2041 0
1243 867 0
2112 1736 0
977 2744 0
686 1592 0
1464 1356 0
2071 88 0
1595 2500 0
1073 356 0
459 1380 0
2022 748 0
2046 237 0
2462 1557 0
1663 3110 0
1199 1073 0
887 760 0
594 2893 0
685 1271 0
920 3119 0
720 2044 0
293 1644 0
1231 1292 0
2253 1764 0
1227 1219 0
2196 2297 0
1468 991 0
572 1911 0
1098 970 0
3224 2992 0
2640 585 0
1240 2419 0
278 2392 0
998 2039 0
2219 3241 0
1189 1167 0
1159 1326 0
249 3151 0
1188 2195 0
1937 1723 0
99 717 0
813 317 0
483 1756 0
447 628 0
2035 610 0
650 932 0
2200 2238 0
417 487 0
322 333 0
968 2923 0
3310 1262 0
1825 2851 0
2129 1114 0
367 1460 0
1915 830 0
1885 596 0
386 1189 0
2255 1573 0
2102 2968 0
2463 604 0
691 2768 0
834 2110 0
1867 732 0
504 2876 0
2365 812 0
1403 685 0
2233 354 0
2866 1152 0
2919 1029 0
3029 1412 0
925 3099 0
812 37 0
3103 1494 0
334 2684 0
2096 1044 0
2212 1452 0
826 264 0
522 3048 0
2340 296 0
448 3008 0
110 2246 0
1874 1116 0
1277 1192 0
2961 1588 0
762 2223 0
653 3039 0
2722 1423 0
1015 1722 0
1106 2315 0
446 2774 0
819 1329 0
989 678 0
3001 2489 0
3294 2525 0
774 1566 0
2578 192 0
2224 2742 0
566 2879 0
2100 1678 0
1226 3267 0
154 1908 0
495 3118 0
1509 1045 0
3172 1012 0
2853 1478 0
2004 2367 0
1238 2102 0
3135 2619 0
2065 2276 0
454 1896 0
919 845 0
1287 2007 0
553 1656 0
1207 3223 0
2412 2222 0
2176 1892 0
2533 1079 0
2045 613 0
2484 1253 0
3271 1312 0
2978 2568 0
2509 460 0
1493 2055 0
514 3286 0
149 2965 0
2024 1610 0
2289 3116 0
2892 204 0
1386 951 0
1433 1816 0
2133 280 0
155 706 0
1763 2687 0
1496 1165 0
3193 67 0
2569 1088 0
170 2165 0
1711 2995 0
2460 2378 0
2163 305 0
1220 1468 0
156 2579 0
1320 2000 0
258 2463 0
1897 2604 0
148 1964 0
2788 2657 0
400 686 0
1454 551 0
1729 1282 0
1527 364 0
3032 1544 0
3033 1135 0
2438 1665 0
1605 989 0
1007 141 0
1246 1804 0
2882 1214 0
2525 2828 0
2351 2743 0
67 2066 0
2514 1704 0
2142 2707 0
1872 2631 0
428 674 0
188 2430 0
2423 1595 0
354 1289 0
1613 14 0
1234 2372 0
3233 290 0
1836 2975 0
2566 2655 0
1257 607 0
332 3052 0
368 1981 0
2795 1386 0
1335 521 0
667 1096 0
2959 968 0
1101 1789 0
137 2132 0
1846 2004 0
901 1449 0
1752 858 0
2811 302 0
2335 793 0
1186 3217 0
3009 1584 0
3016 2812 0
2215 623 0
488 2303 0
907 950 0
3099 2708 0
327 1628 0
1144 2268 0
1992 734 0
1421 655 0
3293 2665 0
1443 1533 0
717 1222 0
1187 177 0
1404 1596 0
683 384 0
1349 1472 0
1534 2663 0
995 1101 0
2720 408 0
161 2280 0
3181 879 0
2946 2729 0
1070 293 0
827 437 0
1341 2455 0
2172 383 0
1853 133 0
1950 2838 0
1434 1254 0
339 1065 0
2896 2383 0
2284 1451 0
595 1968 0
710 208 0
63 1865 0
3205 1363 0
424 2973 0
432 326 0
1977 594 0
457 308 0
1998 692 0
1441 641 0
807 564 0
588 900 0
405 2982 0
2900 1323 0
288 670 0
1348 2233 0
2405 2978 0
2972 2454 0
18 1246 0
1916 727 0
988 157 0
1110 2765 0
2009 1577 0
1923 1810 0
2089 183 0
3036 1245 0
2790 519 0
1835 1781 0
241 568 0
2466 961 0
704 1864 0
3146 231 0
969 330 0
2297 821 0
3283 2417 0
695 3023 0
247 824 0
2901 2149 0
3089 1367 0
2863 3153 0
612 599 0
23 962 0
3075 1193 0
107 3040 0
950 6 0
3188 3160 0
689 453 0
2602 1986 0
230 2173 0
1339 1127 0
282 1941 0
2166 2316 0
401 2054 0
2832 1487 0
2843 654 0
606 2802 0
1751 1658 0
3117 2919 0
3018 2285 0
1398 1399 0
464 1548 0
554 1432 0
1717 752 0
3203 1421 0
308 1645 0
1691 894 0
1318 2638 0
471 3068 0
2061 1207 0
273 1727 0
2559 2404 0
1014 1910 0
1798 2701 0
2010 1274 0
2802 1081 0
854 2994 0
1512 2940 0
3199 863 0
2075 2871 0
1990 2574 0
1748 2089 0
2672 39 0
2557 425 0
3223 1785 0
1315 214 0
2491 1495 0
171 1381 0
2960 310 0
2595 1933 0
1683 2289 0
501 2327 0
2108 2842 0
1244 417 0
151 2731 0
961 2150 0
587 3257 0
545 1827 0
1155 220 0
2366 1885 0
260 632 0
830 2840 0
1826 1291 0
1702 2870 0
329 2371 0
1839 943 0
2971 2300 0
1776 448 0
2376 2381 0
90 1787 0
2382 2423 0
287 1391 0
381 3296 0
2388 1434 0
2829 2678 0
838 2302 0
1292 1593 0
885 233 0
24 2244 0
2966 2670 0
243 2014 0
2011 255 0
2579 245 0
1280 897 0
2663 461 0
2315 1270 0
2912 2490 0
