0 31
0 37
0 84
0 127
0 167
0 202
0 216
0 313
0 332
0 347
4 152
5 204
6 95
9 72
9 113
9 156
9 231
14 144
14 151
16 331
17 115
20 149
21 25
21 39
21 55
21 56
21 271
21 325
23 155
24 299
25 26
25 65
25 130
25 188
25 252
25 277
25 332
26 62
26 72
26 142
26 315
29 106
29 118
31 339
41 115
41 116
41 312
45 67
48 73
53 196
53 204
54 119
56 66
56 212
56 213
56 303
57 320
59 203
62 239
64 189
67 109
67 119
67 142
68 225
71 230
72 212
78 181
79 271
80 194
80 299
82 172
84 265
85 274
86 227
87 315
88 178
88 322
90 179
92 94
92 101
93 337
99 227
106 329
107 348
107 371
107 385
107 408
107 412
107 422
107 473
107 508
107 522
107 523
107 549
107 553
107 562
107 564
107 607
107 640
107 643
107 658
107 676
107 689
107 713
107 731
107 753
107 759
107 765
107 772
107 834
107 844
107 862
107 890
107 901
107 917
107 935
107 952
107 961
107 970
107 985
107 1018
107 1058
107 1062
107 1105
107 1109
107 1111
107 1125
107 1127
107 1146
107 1181
107 1197
107 1202
107 1214
107 1235
107 1248
107 1249
107 1289
107 1298
107 1302
107 1325
107 1359
107 1362
107 1380
109 122
109 295
111 312
113 304
115 312
117 231
119 318
120 136
121 169
122 186
123 142
123 252
123 334
127 272
131 227
133 188
136 304
136 315
136 2853
137 214
139 251
142 158
142 332
158 248
159 320
163 173
166 202
170 332
173 202
175 177
175 225
177 227
184 281
185 271
185 274
185 322
187 194
188 297
195 273
195 306
196 285
196 346
212 232
212 239
213 224
213 239
214 343
239 323
246 340
252 342
280 304
280 329
290 322
291 329
302 330
303 345
308 323
333 343
334 339
348 471
348 747
348 896
348 1042
348 1098
348 1300
350 369
350 552
350 980
350 1262
352 1160
354 1106
357 685
357 886
358 506
358 994
358 1276
360 734
360 770
364 575
365 366
365 675
365 830
367 382
367 1254
368 404
368 539
368 715
368 740
368 1067
369 417
369 779
369 882
369 1154
369 1182
369 1246
369 1353
369 1371
371 472
372 949
373 589
373 986
373 1368
374 1096
377 532
377 802
377 807
377 974
377 1088
377 1211
377 1245
378 716
379 815
379 869
379 1135
379 1197
382 414
384 1289
386 445
386 539
386 753
386 831
386 884
386 931
386 1058
386 1187
388 1076
389 1224
390 444
390 691
392 1121
393 1177
393 1296
394 673
394 918
394 1206
398 1021
398 1082
398 1156
398 1275
399 829
399 1289
399 1363
401 493
401 574
402 800
403 1175
404 710
404 988
404 1267
405 731
405 793
405 934
405 996
405 1074
405 1137
405 1158
405 1269
406 423
406 484
406 555
406 557
406 623
406 742
408 1015
409 755
409 761
409 877
410 782
411 412
411 515
411 663
412 521
412 585
412 697
412 765
412 1180
412 1292
412 1303
412 1315
414 694
415 571
415 674
416 457
417 735
418 815
419 831
419 994
419 1228
420 563
420 660
421 534
421 1226
421 1371
425 833
425 1360
427 890
427 1060
429 584
429 646
429 769
429 1231
430 601
430 904
430 1232
430 1289
430 1326
432 1208
432 1338
433 967
433 1056
434 578
434 855
434 1297
434 1365
435 539
435 1140
436 555
438 1002
440 649
440 808
440 912
441 785
441 1126
441 1153
441 1202
441 1377
444 835
444 916
444 1260
445 855
445 1091
446 943
447 873
447 1289
448 1337
449 680
449 703
449 740
449 793
449 1039
450 793
451 1299
451 1315
451 1356
452 588
453 820
455 1067
455 1082
455 1111
456 655
456 727
456 1204
456 1309
456 1318
458 1026
458 1073
458 1297
458 1345
461 553
461 1203
461 1381
463 522
463 1031
465 945
466 518
466 557
466 686
466 980
467 1377
469 529
469 751
469 895
469 921
469 1082
469 1210
469 1387
470 690
470 1193
471 1047
471 1056
472 973
472 1226
473 568
475 1160
476 576
476 587
476 768
476 1185
477 1270
478 642
478 974
478 1091
478 1221
480 642
480 1058
481 978
481 1003
481 1142
481 1244
482 832
482 1264
484 968
484 1288
485 897
487 687
492 793
492 1244
493 1094
493 1246
494 503
495 848
496 1052
496 1361
497 848
499 703
499 1280
500 1053
501 743
501 803
501 839
501 1021
501 1292
502 905
503 908
504 801
504 900
504 1100
506 839
506 1114
508 1053
508 1079
511 585
511 632
511 753
511 895
511 1315
512 686
512 785
512 1188
515 1345
516 836
516 1034
518 615
518 742
518 1370
519 1060
520 539
520 1089
520 1285
520 1315
520 1326
520 1358
524 646
525 994
526 698
526 1072
526 1076
526 1118
527 569
527 680
527 1021
527 1087
527 1134
527 1289
527 1341
528 667
528 803
528 831
528 841
528 1091
528 1227
529 620
529 669
529 702
529 792
529 1311
529 1344
531 554
531 822
531 854
531 981
531 1180
531 1285
532 579
532 1092
532 1194
532 1236
532 1280
532 1365
533 698
533 1072
533 1133
533 1150
533 1359
535 1239
536 731
536 1067
536 1227
538 590
538 823
539 601
539 649
539 655
539 669
539 746
539 765
539 887
539 913
539 1067
539 1087
539 1225
539 1320
539 1345
542 1094
545 577
545 1187
545 1216
547 1012
548 783
548 1322
550 1372
551 711
551 780
551 791
551 1178
552 705
553 813
553 1336
554 834
554 1023
554 1267
554 1315
555 733
555 960
555 1060
555 1206
557 694
557 810
557 868
559 685
559 1154
560 1030
560 1196
560 1204
560 1315
560 1365
561 721
562 961
563 784
563 1090
563 1161
563 1204
563 1303
566 1241
567 698
567 1072
568 745
569 855
569 949
569 1161
570 934
570 953
570 1058
570 1354
571 691
571 842
571 1070
573 778
574 1007
576 583
576 1080
576 1087
577 630
577 632
577 637
577 656
577 797
577 911
577 953
577 1134
577 1180
577 1319
578 1058
578 1089
578 1276
579 655
579 656
579 839
579 1001
579 1075
579 1297
579 1319
581 828
581 1082
583 863
583 1082
583 1089
583 1281
583 1345
584 695
585 642
585 680
585 729
585 799
585 1049
585 1356
586 1008
586 1243
589 1289
589 1319
591 1037
591 1207
596 698
596 757
598 673
599 1301
601 629
601 667
601 803
601 1158
601 1365
603 810
603 923
603 943
603 1361
604 841
604 1058
604 1102
605 744
607 837
608 630
608 765
608 863
608 1049
608 1265
608 1365
610 636
610 864
610 1043
611 698
611 749
611 812
611 821
611 977
611 3478
611 3618
611 3623
611 3659
612 630
612 632
612 1309
614 636
614 743
614 812
614 1242
614 3488
614 3552
614 3566
614 3595
615 761
615 918
615 1098
615 1334
616 645
616 1304
617 786
617 794
617 822
617 855
617 1026
620 716
620 834
620 1309
621 1240
623 701
623 1198
624 818
626 1223
626 1382
628 760
629 740
629 1021
630 822
630 1005
632 1014
632 1080
632 1210
632 1250
632 1338
635 925
636 743
636 838
636 1012
636 1146
637 934
637 1345
638 956
638 1024
638 1073
639 775
639 797
639 869
639 884
639 1107
640 1139
641 750
641 988
641 1102
641 1187
641 1295
642 1039
642 1221
642 1228
642 1365
643 1372
644 1020
645 1002
647 745
648 680
648 1018
648 1109
648 1303
649 662
649 742
649 1045
649 1065
649 1349
650 851
652 841
653 1275
653 1321
655 729
655 1309
656 913
656 935
656 988
656 1001
656 1067
656 1079
658 841
658 1078
660 698
660 743
660 783
660 977
660 1043
660 1072
661 823
662 739
662 1056
662 1202
662 1371
662 1377
663 710
663 715
663 1107
663 1376
665 716
665 1140
665 1185
665 1244
667 702
667 703
668 1307
669 863
669 922
669 1078
669 1137
669 1211
669 1311
672 798
672 822
672 1026
672 1039
673 837
674 796
674 1099
675 797
675 1006
675 1053
677 689
677 1018
677 1137
677 1244
677 1289
679 1361
680 703
680 753
680 1059
680 1130
680 1248
680 1269
680 1303
683 762
684 3469
684 3474
684 3478
684 3500
684 3507
684 3519
684 3604
684 3605
684 3637
684 3639
684 3669
685 936
685 1007
686 755
686 1179
689 798
689 884
690 813
690 1262
691 1372
693 1144
693 1388
694 813
694 1052
694 1349
694 1361
695 773
697 716
697 988
697 1137
697 1161
698 705
698 741
698 776
698 828
698 937
698 1152
698 1327
699 1204
702 738
702 944
702 1082
703 841
703 1074
703 1244
705 742
705 1304
706 1352
707 1283
710 715
710 1083
710 1194
715 797
715 854
715 873
715 935
715 1380
716 944
716 1326
716 1356
717 1061
718 818
718 1104
719 972
719 1002
719 1246
721 1288
727 1276
727 1311
727 1344
729 920
729 935
729 944
729 1026
729 1221
729 1244
731 1075
731 1083
731 1308
732 953
732 1053
732 1236
734 788
734 1036
735 961
735 1257
737 856
737 1377
738 1225
739 843
739 1334
740 1074
740 1147
740 1210
742 1370
743 1079
743 1215
743 3536
745 943
745 1336
746 855
746 920
746 1067
748 1082
748 1087
748 1309
749 1090
750 815
750 852
750 1345
750 1376
751 1014
751 1067
751 1341
752 1082
752 1194
752 1204
752 1221
752 1228
753 798
755 856
755 939
755 1106
756 794
761 808
761 1361
762 1200
765 831
765 935
765 1209
766 1051
766 1371
768 974
768 1312
770 1301
771 773
771 1104
772 1370
773 936
773 969
775 1039
775 1084
775 1092
775 1107
775 1341
778 1045
780 1032
780 1279
781 1095
782 1274
783 828
783 891
783 1359
784 1256
784 1342
785 923
785 1334
785 1377
786 1091
790 1066
792 985
792 994
792 1005
793 1204
794 854
794 1026
794 1089
794 1269
794 1344
795 821
795 910
795 1033
795 1076
797 804
797 1283
797 1294
798 1380
800 815
800 823
802 855
802 998
802 1080
802 1123
802 1185
802 1197
802 1265
802 1303
804 895
804 1187
804 1318
804 1341
806 1172
807 863
807 1158
808 1381
810 1056
810 1106
813 1239
813 1270
814 1018
815 901
815 956
815 1021
815 1053
815 1114
815 1180
815 1363
818 961
820 1002
821 1086
822 855
822 982
822 1039
823 1048
824 920
824 974
824 1053
824 1096
824 1376
826 958
828 1243
828 3609
829 1053
829 1135
831 1021
831 1124
831 1140
831 1162
831 1194
831 1289
831 1365
834 895
834 920
834 953
834 1067
834 1089
834 1092
834 1299
834 1309
837 1300
838 1167
839 998
839 1082
839 1190
839 1225
840 841
840 1087
840 1197
840 1210
840 1211
840 1315
841 863
841 913
841 953
841 978
841 988
841 1069
841 1078
841 1080
841 1082
841 1216
841 1319
841 1380
842 1263
842 1313
843 868
843 912
843 923
843 1164
844 1216
845 923
852 1180
852 1341
853 1074
854 899
854 1275
854 1319
854 1356
855 953
855 1134
855 1140
856 1348
856 1377
857 1244
857 1289
860 1108
862 901
863 866
863 1289
863 1376
865 1299
866 1248
868 1045
868 1164
869 1963
869 2134
870 967
871 1228
872 1355
873 1074
875 1006
876 1257
877 1065
879 1094
880 1041
880 1053
880 1090
880 1161
880 1209
880 1309
880 1354
882 1121
883 1233
884 1194
884 1209
884 1248
884 1295
885 1160
887 1188
888 1372
889 1277
891 1146
895 1005
895 1140
895 1194
895 1302
896 1118
897 1181
899 1006
899 1038
899 1053
900 1008
901 1180
904 1059
904 1335
908 1172
910 1167
910 1219
911 974
911 1067
911 1248
911 1311
911 1326
913 1345
916 999
916 1222
916 1274
920 990
920 1092
920 1244
921 953
924 970
928 992
928 1131
929 2323
929 2453
929 2863
929 2884
931 956
932 1207
934 1267
935 974
935 1204
935 1227
935 1276
935 1280
936 1044
941 1054
943 1045
943 1193
944 1185
944 1194
945 3501
945 3514
945 3615
947 1176
948 1074
950 1250
953 1221
953 1258
953 1365
956 1082
956 1275
956 1318
958 1263
960 1300
960 1370
962 1218
965 1002
965 1100
966 1321
967 1327
969 1246
969 1382
970 994
970 1612
970 1792
970 1894
974 1053
974 1059
979 1071
980 1217
981 1066
981 1187
983 3740
983 3761
985 1112
986 989
986 1066
986 1135
986 1180
986 1303
988 998
988 1024
988 1053
988 1087
988 1140
988 1311
989 1006
989 1021
989 1041
989 1191
990 1204
991 995
991 1007
991 1038
995 1200
996 1026
996 1187
998 1276
998 1365
999 1278
1000 1046
1001 1244
1002 1103
1002 1163
1002 1198
1004 1180
1004 1245
1005 1082
1006 1289
1006 1321
1009 1075
1010 1131
1012 1125
1014 1376
1018 1030
1018 1066
1018 1078
1018 1338
1020 1324
1021 1162
1021 1180
1021 1295
1021 1309
1021 1344
1023 1365
1024 1053
1024 1069
1024 1142
1026 1079
1026 1216
1026 1319
1026 1341
1030 1092
1030 1271
1031 3616
1031 3830
1036 1192
1036 1343
1037 1070
1037 1372
1039 1148
1039 1236
1039 1309
1039 1380
1040 1299
1040 1315
1041 1265
1041 1303
1042 1164
1042 1348
1043 1072
1043 1254
1043 1375
1044 1371
1045 1098
1045 1189
1046 2214
1046 2550
1046 2730
1046 2871
1049 1315
1051 1371
1052 1105
1052 1153
1053 1137
1054 1059
1056 1098
1057 1282
1058 1321
1059 1082
1059 1280
1060 1200
1060 1348
1066 1102
1066 1130
1066 1209
1066 1363
1067 1221
1067 1326
1067 1363
1067 1376
1068 1236
1069 1187
1069 1225
1069 1227
1069 1311
1072 1347
1072 3545
1072 3595
1074 1180
1078 1210
1078 1280
1078 1318
1079 1269
1080 1248
1081 1349
1082 1210
1082 1311
1083 1148
1083 1271
1083 1297
1086 1165
1086 1242
1087 1269
1090 1102
1090 1309
1091 1148
1091 1275
1091 1286
1091 1299
1091 1345
1092 1289
1093 1344
1107 1240
1107 1244
1109 1236
1113 1221
1113 1232
1113 1267
1114 1190
1115 3793
1127 1175
1133 1266
1134 1209
1134 1225
1135 1269
1135 1272
1135 1276
1135 1287
1137 1275
1137 1289
1140 1275
1141 1322
1141 3467
1141 3504
1141 3527
1141 3538
1141 3614
1141 3762
1142 1180
1142 1321
1143 1386
1145 1346
1147 1276
1148 1280
1151 1295
1153 1239
1157 1393
1157 1403
1157 1423
1157 1439
1157 1524
1157 1529
1157 1534
1157 1537
1157 1551
1157 1571
1157 1581
1157 1614
1157 1635
1157 1666
1157 1733
1157 1743
1157 1765
1157 1772
1157 1775
1157 1801
1157 1850
1157 1856
1157 1927
1157 1933
1157 1951
1157 1967
1157 2047
1157 2049
1157 2102
1157 2164
1160 1282
1161 1341
1162 1285
1167 1322
1172 1246
1175 1289
1176 1182
1177 1203
1177 1327
1179 1370
1180 1299
1182 1224
1182 1231
1185 1285
1185 1345
1187 1275
1190 1227
1191 1245
1191 2195
1191 2202
1191 2327
1191 2382
1191 2479
1191 2509
1192 1324
1193 1377
1194 1309
1195 1216
1197 1344
1198 1259
1199 1473
1199 1909
1203 1259
1204 1225
1204 1267
1205 1236
1209 1299
1210 1265
1210 1341
1211 1365
1212 3478
1212 3545
1212 3552
1212 3571
1212 3621
1212 3823
1215 1359
1221 1265
1221 1368
1226 1296
1228 1311
1233 1335
1236 1244
1243 3571
1243 3603
1243 3642
1243 3732
1243 3795
1243 3800
1243 3819
1243 3829
1244 1376
1259 1300
1262 1334
1263 1274
1269 1285
1270 1371
1275 1354
1275 1363
1276 1289
1276 1344
1279 1324
1280 1380
1282 1301
1283 1362
1285 1363
1288 1300
1288 1348
1289 1356
1289 1376
1291 1384
1292 1302
1292 1363
1294 1374
1295 1309
1298 1383
1304 1348
1309 1326
1313 1372
1318 1345
1318 1356
1322 3479
1322 3485
1322 3503
1322 3542
1322 3622
1322 3645
1322 3661
1334 1339
1348 1385
1361 1377
1375 3533
1375 3538
1375 3561
1375 3585
1375 3627
1375 3643
1390 1471
1390 1522
1390 1592
1390 1884
1391 1533
1391 1732
1391 1837
1392 1455
1393 1619
1394 1729
1395 1595
1395 1777
1396 1597
1397 1561
1397 1688
1397 2104
1398 1511
1403 1510
1403 1846
1403 2127
1405 2120
1406 1493
1408 1410
1408 1485
1408 1486
1408 1640
1408 1645
1408 1849
1408 1888
1408 2023
1408 2054
1409 1752
1409 1826
1409 2156
1410 1568
1411 1421
1412 1674
1412 2130
1416 1509
1418 1847
1419 1585
1422 2040
1423 1673
1423 1676
1423 1956
1423 2014
1423 2034
1423 2094
1425 1870
1427 1596
1427 1602
1427 1715
1427 1763
1430 2050
1432 1563
1434 1544
1434 1568
1435 1670
1435 2144
1437 2062
1441 1477
1441 2065
1441 2081
1442 1737
1443 1709
1444 1573
1444 1817
1444 1994
1445 2006
1446 1650
1446 1786
1446 1980
1448 1604
1448 1623
1449 1819
1449 1884
1452 2021
1453 1749
1453 1892
1453 1993
1457 1559
1458 1460
1458 1637
1459 1648
1459 1732
1459 1985
1460 1755
1460 1756
1461 1911
1462 2050
1466 1749
1467 1661
1467 2114
1467 2156
1468 1970
1468 2096
1470 1658
1470 1808
1471 1719
1472 1654
1473 2099
1476 1630
1477 1703
1477 1768
1477 2021
1477 2074
1478 1777
1478 1815
1478 1872
1478 2069
1479 1674
1479 1803
1479 1867
1479 1932
1480 1765
1480 1843
1482 1790
1482 1809
1483 1568
1483 1625
1484 1601
1484 1696
1484 1786
1484 1814
1484 1893
1484 1980
1485 1661
1486 1647
1486 1670
1486 1752
1486 1786
1486 1794
1486 2156
1489 1542
1491 2083
1492 1643
1492 1914
1492 2054
1493 1931
1494 1499
1494 1812
1495 1550
1495 1659
1497 1681
1497 1747
1497 2029
1501 1688
1502 1544
1502 2069
1506 1640
1506 1675
1506 1690
1506 1826
1507 1630
1507 1912
1510 1565
1510 1757
1511 1606
1511 1716
1511 2033
1512 1685
1513 1944
1515 1715
1515 1943
1516 1779
1516 2133
1522 1562
1522 1983
1522 2074
1523 1550
1523 2163
1525 2081
1525 2111
1528 2084
1529 1753
1529 1980
1531 1880
1536 1740
1538 1566
1539 1670
1539 1753
1539 2163
1541 1979
1542 1577
1542 1866
1542 1908
1542 2139
1544 1879
1548 2037
1556 1659
1556 1904
1556 2031
1556 2078
1557 1768
1557 1832
1557 1899
1557 1902
1557 2021
1558 1892
1558 2086
1561 1812
1562 1790
1562 2050
1562 2085
1564 1716
1564 1834
1566 1755
1568 1595
1568 1752
1568 2093
1568 2117
1568 2144
1569 1902
1569 2108
1570 1978
1574 1621
1574 2126
1575 1644
1575 2029
1578 1623
1578 1982
1578 2111
1579 2093
1580 1820
1580 2122
1588 1757
1591 1603
1591 1657
1592 1751
1592 1780
1592 2026
1593 1636
1593 1734
1593 1784
1595 1655
1595 2034
1596 1815
1598 1667
1598 1931
1598 2080
1598 2127
1598 2146
1598 2149
1600 1817
1600 1841
1600 1989
1601 1716
1601 1838
1602 1661
1602 1683
1602 1730
1604 1773
1606 1640
1606 1650
1606 1716
1606 1844
1606 1980
1606 2033
1607 1983
1608 2055
1609 1639
1610 1843
1616 1626
1616 1724
1616 2129
1617 1844
1618 1885
1618 2044
1618 2048
1619 1808
1620 2054
1623 1912
1623 1991
1625 1784
1625 2014
1625 2023
1625 2156
1626 1639
1626 1640
1626 1654
1626 1958
1629 1807
1630 2075
1630 2081
1634 1812
1634 2051
1636 1847
1636 2117
1637 1730
1637 2023
1638 1838
1640 1673
1640 1794
1640 1980
1641 1646
1642 1643
1642 1670
1642 2069
1643 1794
1643 1828
1643 2069
1644 1880
1644 1939
1644 2032
1644 2110
1645 1649
1645 1661
1645 1759
1646 1752
1646 1925
1648 1897
1649 1784
1651 1714
1651 2072
1652 1758
1655 1690
1655 1794
1655 1826
1655 1859
1655 2078
1655 2093
1656 2157
1657 1676
1658 1925
1659 2092
1661 2129
1662 2115
1666 1990
1666 2074
1667 1931
1667 1954
1667 2062
1668 1695
1668 1848
1668 2019
1668 2073
1669 1800
1669 1977
1669 2010
1669 2060
1672 1719
1672 1963
1672 2034
1672 2134
1673 1704
1674 1865
1674 1943
1675 1756
1676 1687
1676 2024
1677 1749
1678 2031
1680 1976
1680 1986
1681 1817
1681 1982
1681 1994
1681 2096
1681 2142
1685 1926
1686 1707
1686 1715
1686 1814
1686 1925
1686 2094
1686 2156
1688 1731
1689 1712
1690 1786
1690 2014
1690 2156
1694 2056
1695 2028
1696 1744
1696 1786
1696 1838
1696 1904
1696 1956
1698 1741
1700 1909
1700 1915
1700 2074
1703 1890
1703 1969
1705 1835
1706 1848
1706 2050
1713 1793
1714 1993
1716 1914
1717 1896
1718 1849
1719 1884
1719 2121
1721 1862
1721 1902
1722 1843
1723 2147
1724 2147
1726 2136
1727 1885
1730 1888
1731 2086
1732 2053
1732 2071
1735 1944
1737 2101
1738 2039
1740 2120
1743 1905
1744 1914
1746 1805
1747 1768
1747 1912
1747 1955
1747 2029
1747 2083
1747 2126
1747 2127
1749 1937
1749 1940
1750 1935
1750 2142
1751 1862
1751 2062
1751 2149
1753 1964
1754 1890
1755 1865
1755 1987
1756 2094
1757 2077
1757 2110
1764 1809
1764 1882
1764 2095
1765 2149
1766 1867
1768 2116
1772 1867
1773 2043
1773 2099
1776 1788
1777 1828
1778 1938
1779 1931
1779 2081
1781 1915
1781 2062
1782 1879
1783 1835
1783 1930
1785 1857
1787 2008
1790 1812
1790 1843
1794 1808
1794 1826
1798 2145
1800 2032
1800 2080
1802 2032
1803 2147
1804 1857
1806 1902
1806 2028
1806 2080
1806 2108
1807 1898
1809 2164
1810 2047
1812 2075
1814 1879
1814 2130
1816 2025
1816 2101
1820 1872
1820 1925
1823 1934
1826 1925
1826 2069
1827 1847
1829 2059
1830 2025
1830 2050
1831 1832
1831 1862
1831 2060
1831 2115
1834 1844
1835 1871
1838 2117
1843 1982
1845 1928
1845 2021
1845 2126
1846 1915
1846 1944
1847 1967
1847 2032
1848 1902
1850 1931
1850 2164
1862 2062
1862 2121
1867 1888
1870 2021
1870 2051
1872 2093
1875 1990
1875 2116
1876 2111
1879 2014
1880 1977
1880 1997
1880 2010
1880 2111
1881 2042
1882 1902
1882 1931
1884 1898
1884 2141
1886 1917
1892 2032
1896 1968
1898 2061
1899 1995
1901 2042
1902 1915
1902 2133
1904 2092
1907 1933
1912 2027
1914 2054
1915 2164
1923 2031
1924 1942
1925 2078
1925 2117
1926 1983
1929 2067
1929 2088
1931 1969
1931 1991
1931 2002
1931 2149
1934 2072
1935 2099
1936 2077
1936 2081
1936 2085
1938 1944
1939 1990
1944 1978
1944 2149
1945 2004
1949 1989
1950 2147
1952 2008
1953 2142
1954 2075
1958 2093
1962 1967
1966 2099
1969 2164
1970 2072
1970 2075
1970 2146
1971 2142
1972 2004
1977 1995
1977 2085
1977 2111
1977 2121
1978 2113
1985 2099
1986 2159
1991 2010
1991 2133
1991 2164
1995 2046
1997 2029
2002 2081
2004 2107
2010 2080
2011 2108
2015 2086
2021 2029
2025 2086
2027 2046
2027 2149
2029 2075
2032 2080
2034 2134
2039 2048
2041 2112
2051 2057
2055 2112
2072 2136
2074 2123
2080 2085
2085 2116
2092 2147
2094 2114
2106 2157
2146 2164
2167 2218
2167 2234
2167 2240
2167 2255
2167 2275
2167 2296
2167 2317
2167 2363
2167 2377
2167 2395
2167 2422
2167 2429
2167 2438
2167 2501
2167 2512
2167 2530
2167 2541
2167 2547
2167 2567
2167 2576
2167 2589
2167 2613
2167 2622
2167 2662
2167 2690
2167 2745
2167 2757
2167 2765
2167 2767
2167 2800
2167 2807
2167 2818
2167 2847
2167 2849
2167 2853
2167 2871
2167 2913
2168 2644
2169 2228
2171 2309
2171 2342
2171 2357
2171 2388
2171 2398
2171 2404
2171 2674
2171 2843
2172 2180
2172 2218
2172 2339
2172 2343
2172 2386
2172 2533
2172 2564
2172 2595
2172 2602
2172 2719
2172 2723
2172 2776
2172 2834
2172 2910
2173 2281
2173 2288
2173 2324
2173 2328
2173 2378
2173 2678
2173 2739
2173 2747
2173 2808
2173 2819
2174 2280
2174 2398
2174 2414
2174 2888
2174 2914
2175 2249
2175 2283
2175 2403
2175 2406
2175 2547
2175 2627
2175 2847
2178 2199
2178 2396
2178 2431
2180 2292
2180 2300
2180 2607
2180 2815
2181 2519
2181 2653
2182 2235
2182 2690
2182 2875
2184 2217
2184 2300
2184 2328
2184 2533
2184 2688
2184 2797
2185 2304
2186 2256
2187 2675
2189 2795
2190 2212
2190 2457
2190 2875
2190 2882
2193 2196
2193 2333
2193 2364
2193 2663
2193 2806
2193 2862
2194 2477
2194 2490
2194 2687
2194 2756
2194 2766
2194 2907
2195 2203
2195 2398
2195 2588
2195 2606
2195 2757
2196 2378
2196 2501
2196 2508
2196 2579
2196 2618
2196 2624
2196 2625
2196 2640
2196 2747
2196 2816
2196 2856
2196 2870
2198 2208
2198 2343
2198 2378
2198 2402
2198 2405
2198 2409
2198 2563
2198 2589
2198 2618
2198 2807
2200 2599
2200 2706
2200 2837
2200 2897
2201 2300
2201 2301
2201 2379
2201 2473
2201 2495
2201 2629
2201 2650
2201 2659
2201 2719
2201 2724
2201 2848
2202 2203
2202 2327
2202 2388
2202 2645
2202 2884
2202 2907
2203 2496
2204 2428
2206 2235
2206 2256
2206 2426
2206 2840
2207 2365
2208 2333
2208 2473
2208 2495
2208 2595
2208 2611
2208 2747
2209 2623
2209 2716
2209 2727
2210 2262
2210 2281
2210 2583
2210 2588
2211 2556
2212 2371
2212 2539
2212 2690
2214 2388
2214 2424
2217 2240
2217 2341
2217 2455
2217 2467
2217 2531
2217 2554
2217 2581
2217 2586
2217 2797
2217 2828
2217 2893
2218 2248
2218 2378
2218 2719
2218 2761
2218 2910
2219 2382
2220 2421
2220 2729
2221 2240
2221 2370
2221 2376
2221 2562
2221 2609
2221 2762
2221 2808
2223 2273
2225 2418
2225 2582
2225 2748
2225 2756
2226 2419
2226 2542
2226 2564
2226 2663
2226 2846
2227 2895
2227 2912
2228 2250
2228 2539
2228 2619
2228 2881
2230 2729
2233 2302
2234 2292
2234 2313
2234 2781
2234 2831
2235 2305
2235 2902
2238 2444
2238 2461
2238 2564
2238 2733
2239 2467
2239 2533
2239 2611
2239 2859
2240 2319
2240 2379
2240 2409
2240 2499
2240 2603
2240 2785
2241 2350
2241 2358
2241 2531
2241 2578
2241 2624
2241 2648
2241 2880
2241 2893
2242 2342
2242 2627
2244 2292
2244 2759
2248 2350
2248 2353
2248 2370
2248 2473
2248 2579
2248 2609
2248 2624
2248 2715
2248 2719
2248 2834
2248 2857
2249 2326
2249 2390
2249 2852
2250 2305
2250 2895
2252 2364
2252 2439
2252 2445
2252 2685
2252 2740
2252 2874
2252 2879
2254 2398
2255 2273
2255 2277
2255 2305
2255 2894
2256 2793
2257 2442
2258 2559
2258 2858
2259 2271
2260 2333
2260 2439
2260 2581
2260 2663
2261 2279
2262 2653
2262 2716
2264 2902
2266 2702
2266 2912
2273 2305
2273 2690
2274 2489
2275 2285
2275 2314
2275 2397
2275 2563
2275 2603
2275 2646
2275 2665
2275 2719
2275 2805
2276 2740
2278 2384
2279 2840
2281 2380
2281 2523
2281 2534
2281 2689
2281 2863
2281 2884
2282 2412
2283 2308
2283 2398
2283 2639
2283 2727
2283 2904
2284 2317
2284 2527
2284 2583
2285 2292
2285 2586
2285 2609
2285 2611
2285 2664
2285 2724
2285 2739
2285 2759
2285 2829
2285 2830
2285 2841
2285 2845
2285 2901
2286 2440
2286 2525
2286 2671
2287 2602
2287 2764
2287 2872
2288 2310
2288 2373
2288 2608
2290 2384
2292 2300
2292 2319
2292 2322
2292 2377
2292 2386
2292 2443
2292 2499
2293 2393
2293 2478
2293 2481
2293 2728
2294 2357
2294 2479
2294 2496
2294 2534
2294 2767
2294 2897
2295 2353
2295 2475
2295 2554
2295 2564
2295 2650
2295 2781
2295 2801
2297 2454
2297 2602
2298 2318
2298 2378
2298 2636
2298 2833
2299 2521
2299 2857
2300 2329
2300 2359
2300 2650
2300 2664
2300 2797
2300 2816
2300 2861
2300 2862
2301 2333
2301 2798
2301 2808
2301 2885
2302 2463
2302 2537
2302 2560
2303 2481
2304 2658
2304 2666
2305 2690
2306 2368
2307 2308
2307 2326
2307 2538
2307 2627
2307 2639
2307 2726
2307 2764
2308 2498
2309 2444
2309 2598
2309 2602
2309 2700
2309 2753
2310 2484
2310 2495
2310 2512
2310 2586
2311 2322
2311 2379
2311 2646
2311 2740
2312 2389
2313 2664
2314 2508
2314 2603
2314 2663
2314 2688
2314 2732
2314 2740
2314 2845
2314 2848
2314 2886
2315 2397
2315 2874
2317 2529
2317 2574
2318 2348
2318 2394
2318 2434
2318 2461
2318 2499
2318 2665
2318 2805
2318 2878
2318 2893
2319 2329
2319 2555
2319 2605
2319 2611
2319 2662
2322 2744
2322 2762
2323 2326
2323 2470
2323 2535
2323 2548
2323 2599
2323 2600
2323 2853
2323 2871
2324 2530
2324 2545
2324 2811
2324 2848
2325 2590
2326 2393
2326 2653
2327 2336
2327 2847
2328 2359
2328 2484
2328 2554
2328 2614
2328 2715
2328 2750
2328 2814
2328 2874
2329 2345
2329 2461
2329 2471
2329 2542
2329 2611
2329 2747
2329 2801
2329 2855
2329 2856
2330 2476
2330 2490
2331 2877
2332 2345
2332 2348
2332 2373
2332 2609
2332 2624
2333 2465
2333 2475
2333 2607
2333 2631
2333 2794
2333 2809
2333 2816
2333 2861
2333 2880
2335 2400
2335 2448
2336 2392
2336 2557
2336 2583
2336 2598
2336 2639
2336 2717
2337 2652
2338 2526
2338 2650
2338 2688
2338 2806
2338 2814
2339 2345
2339 2488
2339 2611
2339 2767
2339 2815
2339 2870
2341 2564
2341 2683
2341 2724
2341 2880
2342 2366
2342 2446
2342 2502
2342 2505
2342 2522
2342 2706
2342 2730
2342 2763
2342 2864
2343 2367
2343 2443
2343 2499
2343 2542
2345 2397
2345 2495
2345 2555
2345 2595
2345 2683
2345 2856
2345 2862
2345 2885
2346 2695
2347 2555
2348 2370
2348 2376
2348 2646
2348 2650
2348 2759
2350 2358
2350 2492
2350 2685
2350 2755
2350 2901
2352 2875
2352 2912
2354 2454
2354 2538
2356 2535
2356 2639
2356 2645
2357 2453
2357 2505
2357 2746
2357 2898
2358 2513
2358 2555
2358 2581
2358 2662
2358 2808
2358 2814
2359 2397
2359 2439
2359 2564
2359 2607
2359 2636
2359 2776
2359 2828
2359 2855
2359 2879
2362 2375
2362 2381
2363 2467
2363 2715
2363 2737
2363 2859
2364 2488
2364 2594
2364 2603
2364 2755
2364 2859
2365 2387
2365 2476
2366 2598
2366 2632
2366 2734
2366 2802
2366 2852
2367 2395
2367 2545
2367 2683
2367 2732
2367 2761
2367 2830
2369 2667
2370 2443
2370 2445
2370 2526
2370 2562
2370 2589
2370 2723
2370 2797
2370 2808
2370 2841
2372 2528
2372 2627
2372 2726
2373 2378
2373 2405
2373 2456
2373 2512
2373 2641
2373 2664
2373 2717
2373 2722
2373 2806
2373 2874
2373 2901
2375 2411
2376 2521
2376 2611
2376 2669
2376 2819
2377 2443
2377 2461
2377 2611
2377 2614
2377 2669
2377 2688
2377 2750
2377 2808
2377 2855
2378 2495
2378 2512
2378 2740
2379 2445
2379 2733
2379 2880
2380 2438
2380 2502
2381 2538
2381 2621
2382 2438
2382 2505
2382 2651
2382 2674
2383 2577
2386 2397
2386 2602
2386 2641
2386 2755
2386 2762
2386 2797
2386 2804
2386 2814
2387 2528
2387 2574
2387 2734
2388 2406
2388 2766
2388 2884
2389 2519
2389 2751
2390 2522
2390 2606
2391 2562
2392 2606
2392 2761
2392 2849
2393 2672
2393 2718
2394 2420
2394 2701
2394 2724
2394 2776
2394 2804
2394 2808
2394 2870
2395 2439
2395 2473
2395 2495
2395 2874
2397 2443
2397 2554
2397 2701
2397 2767
2397 2801
2397 2809
2398 2424
2398 2716
2398 2904
2399 2408
2399 2844
2400 2551
2400 2621
2402 2526
2402 2698
2403 2538
2403 2810
2404 2449
2404 2502
2404 2537
2404 2774
2404 2871
2405 2488
2405 2533
2405 2722
2405 2910
2406 2505
2406 2767
2408 2424
2408 2435
2408 2538
2408 2548
2408 2763
2408 2765
2409 2819
2409 2848
2410 2897
2416 2649
2416 2792
2418 2538
2419 2420
2419 2484
2419 2631
2419 2659
2419 2816
2422 2742
2424 2505
2424 2557
2424 2593
2424 2602
2424 2863
2426 2894
2427 2467
2427 2609
2427 2805
2427 2845
2433 2576
2435 2470
2435 2523
2436 2667
2436 2899
2438 2544
2438 2746
2439 2516
2439 2625
2439 2641
2439 2833
2442 2519
2442 2570
2442 2720
2442 2810
2443 2445
2443 2495
2443 2662
2443 2664
2443 2715
2443 2841
2443 2856
2444 2505
2444 2650
2444 2849
2445 2461
2445 2554
2445 2629
2446 2587
2446 2598
2449 2494
2449 2606
2449 2627
2454 2505
2454 2580
2454 2654
2454 2785
2455 2471
2455 2578
2455 2744
2455 2797
2455 2814
2455 2879
2455 2893
2456 2526
2456 2614
2457 2913
2458 2547
2458 2567
2458 2668
2458 2726
2458 2765
2458 2871
2461 2475
2461 2530
2461 2578
2461 2625
2461 2641
2461 2647
2461 2669
2461 2861
2461 2870
2461 2880
2461 2901
2462 2733
2464 2617
2465 2471
2465 2526
2465 2659
2465 2665
2465 2724
2466 2568
2466 2600
2467 2641
2467 2828
2467 2878
2468 2830
2468 2879
2470 2538
2471 2473
2471 2781
2471 2798
2471 2880
2472 2803
2473 2531
2473 2631
2473 2650
2473 2818
2473 2828
2473 2834
2475 2531
2475 2586
2475 2589
2475 2701
2475 2781
2476 2639
2476 2693
2477 2502
2477 2599
2477 2693
2477 2766
2478 2593
2478 2640
2479 2574
2479 2602
2479 2675
2479 2720
2479 2753
2479 2767
2479 2890
2479 2898
2480 2727
2480 2915
2481 2623
2481 2867
2482 2518
2483 2626
2484 2512
2484 2693
2484 2717
2484 2754
2484 2808
2484 2814
2484 2815
2484 2834
2487 2890
2488 2554
2488 2641
2488 2755
2490 2632
2490 2670
2490 2687
2490 2689
2490 2756
2490 2792
2492 2531
2492 2594
2492 2737
2494 2602
2494 2640
2495 2545
2495 2629
2495 2723
2495 2731
2495 2787
2495 2801
2495 2845
2496 2544
2498 2521
2498 2645
2499 2526
2499 2561
2499 2603
2499 2669
2499 2701
2499 2880
2499 2909
2502 2559
2502 2602
2502 2617
2502 2853
2504 2813
2505 2557
2505 2764
2505 2798
2508 2530
2508 2664
2508 2816
2508 2886
2509 2651
2509 2765
2509 2863
2512 2521
2512 2564
2512 2594
2512 2607
2512 2625
2512 2636
2513 2663
2513 2665
2514 2634
2514 2639
2516 2555
2516 2647
2516 2806
2519 2632
2519 2718
2521 2578
2521 2586
2521 2591
2521 2664
2521 2715
2521 2804
2521 2834
2522 2523
2522 2730
2523 2706
2523 2844
2523 2915
2525 2897
2526 2740
2528 2718
2529 2651
2530 2646
2530 2809
2530 2829
2530 2909
2531 2629
2531 2754
2531 2819
2532 2729
2533 2603
2533 2607
2533 2678
2533 2761
2533 2787
2533 2808
2533 2811
2533 2830
2533 2834
2533 2901
2534 2672
2534 2713
2534 2904
2535 2847
2535 2849
2535 2872
2537 2645
2538 2716
2541 2658
2542 2566
2542 2885
2543 2638
2543 2733
2544 2588
2544 2718
2544 2863
2544 2865
2545 2794
2545 2797
2545 2880
2547 2713
2548 2675
2548 2765
2548 2847
2548 2849
2549 2559
2549 2837
2549 2858
2551 2728
2551 2753
2552 2840
2554 2564
2554 2608
2554 2614
2554 2659
2554 2717
2554 2761
2555 2624
2555 2797
2555 2901
2557 2726
2557 2810
2559 2599
2559 2687
2559 2792
2559 2858
2561 2611
2561 2879
2562 2804
2562 2811
2563 2581
2563 2862
2564 2578
2564 2602
2564 2629
2564 2650
2568 2643
2568 2869
2570 2602
2570 2672
2570 2706
2570 2720
2570 2853
2574 2598
2574 2639
2574 2767
2577 2590
2578 2595
2578 2618
2578 2759
2578 2797
2578 2809
2579 2581
2579 2662
2579 2685
2579 2688
2579 2724
2579 2787
2579 2901
2581 2754
2581 2762
2582 2634
2583 2687
2583 2756
2583 2767
2583 2788
2583 2798
2583 2863
2584 2683
2584 2747
2585 2639
2585 2765
2586 2646
2586 2739
2586 2740
2586 2755
2586 2797
2586 2870
2587 2798
2588 2713
2588 2730
2588 2766
2591 2599
2591 2675
2591 2852
2591 2884
2593 2763
2593 2766
2593 2802
2593 2898
2594 2636
2594 2659
2594 2811
2595 2618
2595 2641
2595 2659
2595 2791
2597 2626
2597 2873
2599 2691
2599 2734
2599 2753
2600 2708
2601 2620
2601 2690
2602 2653
2602 2746
2602 2811
2603 2811
2603 2834
2603 2859
2606 2632
2606 2727
2607 2642
2607 2874
2608 2809
2609 2669
2609 2828
2609 2910
2611 2747
2611 2775
2611 2797
2611 2845
2611 2857
2614 2717
2614 2856
2616 2873
2617 2780
2618 2659
2618 2808
2619 2895
2620 2894
2621 2867
2622 2849
2624 2685
2624 2755
2624 2791
2625 2684
2625 2805
2627 2639
2627 2766
2627 2852
2627 2863
2631 2664
2631 2739
2631 2781
2631 2846
2631 2880
2632 2718
2632 2907
2634 2763
2634 2836
2634 2849
2634 2872
2636 2669
2636 2722
2636 2747
2636 2750
2636 2841
2639 2644
2640 2653
2640 2700
2641 2798
2641 2815
2642 2797
2642 2874
2644 2767
2645 2651
2647 2797
2649 2687
2649 2863
2649 2904
2650 2669
2650 2715
2650 2811
2650 2814
2650 2816
2657 2743
2659 2732
2659 2879
2659 2910
2663 2794
2663 2797
2663 2833
2663 2855
2663 2857
2663 2879
2663 2893
2664 2804
2664 2879
2665 2722
2665 2750
2665 2767
2665 2829
2669 2740
2669 2798
2669 2808
2669 2829
2669 2861
2670 2687
2672 2863
2673 2701
2674 2872
2675 2766
2675 2847
2675 2908
2678 2787
2683 2750
2684 2859
2685 2754
2688 2750
2688 2759
2688 2798
2691 2763
2693 2792
2701 2732
2701 2801
2701 2909
2702 2894
2702 2900
2705 2803
2706 2872
2715 2723
2715 2811
2716 2863
2717 2805
2719 2747
2719 2759
2720 2847
2722 2809
2723 2737
2723 2739
2723 2755
2723 2762
2723 2804
2724 2737
2724 2879
2726 2843
2726 2849
2727 2897
2728 2763
2730 2843
2732 2750
2733 2762
2733 2856
2733 2866
2737 2781
2737 2857
2739 2848
2739 2862
2740 2762
2746 2798
2750 2806
2755 2794
2755 2886
2755 2909
2756 2815
2756 2872
2759 2886
2761 2815
2762 2819
2763 2765
2763 2766
2764 2799
2764 2852
2764 2853
2765 2792
2765 2802
2765 2897
2766 2788
2768 2877
2771 2904
2775 2787
2781 2848
2781 2870
2788 2890
2794 2841
2797 2807
2797 2833
2797 2856
2798 2822
2801 2878
2804 2808
2805 2866
2806 2819
2806 2909
2808 2856
2808 2859
2808 2893
2809 2870
2810 2864
2811 2856
2811 2870
2811 2880
2814 2856
2818 2909
2819 2910
2829 2885
2830 2846
2833 2834
2841 2845
2841 2859
2847 2907
2848 2866
2848 2870
2853 2897
2855 2878
2855 2886
2856 2862
2856 2909
2857 2861
2857 2862
2861 2862
2862 2880
2864 2908
2869 2887
2870 2878
2870 2893
2875 2912
2912 2913
2916 2966
2916 2975
2916 2985
2916 3096
2916 3102
2916 3108
2916 3118
2916 3163
2916 3179
2916 3254
2916 3342
2916 3380
2916 3402
2916 3419
2916 3441
2916 3449
2918 3129
2921 2934
2922 2939
2922 2945
2923 3225
2923 3387
2926 3062
2926 3162
2928 2970
2928 3324
2931 3055
2931 3360
2934 3333
2935 3175
2939 3116
2939 3265
2941 3360
2942 2965
2947 3049
2947 3066
2948 3009
2954 3026
2955 3440
2957 3249
2958 3063
2960 3366
2964 2967
2964 2994
2965 2989
2965 3389
2966 3047
2966 3408
2967 3449
2970 3280
2974 3956
2974 3976
2974 4016
2974 4019
2975 3180
2976 3111
2979 3014
2979 3241
2981 3356
2981 3360
2981 3445
2985 3006
2985 3034
2986 3102
2986 3452
2989 3383
2989 3430
2989 3434
2990 3116
2991 3392
2992 3356
2994 3023
2994 3155
2994 3243
2995 3189
2996 3381
2999 3184
2999 3188
3000 3167
3001 3072
3001 3167
3001 3218
3001 3390
3005 3325
3008 3185
3009 3083
3012 3414
3014 3099
3014 3312
3020 3387
3021 3233
3021 3280
3023 3110
3026 3040
3026 3078
3026 3136
3026 3321
3026 3409
3027 3162
3031 3451
3033 3107
3035 3116
3036 3075
3037 3334
3038 3078
3038 3273
3039 3392
3049 3083
3050 3073
3050 3430
3051 3497
3051 3525
3051 3530
3051 3628
3053 3401
3058 3421
3059 3086
3059 3133
3059 3144
3061 3242
3065 3352
3066 3201
3066 3275
3067 3346
3069 3403
3072 3205
3072 3239
3075 3113
3075 3130
3075 3414
3080 3181
3081 3333
3082 3308
3083 3269
3087 3313
3089 3126
3090 3177
3090 3390
3090 3404
3091 3224
3091 3421
3093 3217
3094 3156
3097 3404
3100 3175
3100 3451
3101 3363
3102 3383
3105 3265
3106 3388
3107 3167
3107 3280
3107 3325
3111 3404
3113 3130
3115 3287
3115 3372
3116 3235
3116 3455
3118 3345
3122 3245
3122 3343
3125 3309
3125 3316
3125 3338
3127 3163
3131 3366
3135 3203
3137 3447
3138 3167
3139 3226
3140 3283
3145 3388
3152 3183
3153 3169
3153 3287
3160 3195
3160 3413
3163 3197
3167 3449
3170 3245
3170 3273
3172 3204
3173 3241
3175 3239
3179 3274
3179 3443
3185 3273
3185 3360
3185 3449
3186 3409
3193 3252
3197 3383
3197 3407
3208 3357
3209 3312
3211 3298
3211 3390
3213 3315
3213 3409
3217 3307
3221 3398
3233 3278
3233 3313
3233 3360
3241 3247
3245 3413
3250 3410
3262 3421
3264 3306
3269 3430
3276 3308
3276 3456
3277 3338
3280 3334
3280 3355
3280 3431
3282 3331
3282 3415
3283 3426
3287 3321
3298 3404
3305 3459
3306 3439
3307 3360
3309 3352
3313 3325
3321 3454
3356 3431
3360 3385
3360 3426
3361 3386
3374 3449
3383 3392
3398 3455
3431 3454
3434 3441
3439 3447
3440 3458
3464 3480
3464 3607
3466 3627
3467 3586
3468 3646
3469 3520
3469 3578
3472 3500
3472 3647
3473 3653
3474 3592
3475 3522
3475 3595
3478 3580
3479 3488
3479 3537
3479 3623
3480 3490
3480 3531
3480 3661
3481 3794
3482 3642
3484 3579
3485 3511
3485 3550
3485 3587
3485 3613
3485 3766
3486 3562
3488 3591
3488 3595
3497 3622
3497 3661
3500 3626
3500 3816
3503 3622
3504 3659
3506 3582
3506 3616
3507 3536
3507 3628
3508 3604
3509 3544
3511 3600
3511 3661
3513 3546
3513 3558
3517 3656
3518 3590
3518 3600
3519 3647
3521 3591
3521 3659
3521 3666
3522 3567
3525 3571
3527 3536
3527 3575
3527 3620
3527 3651
3528 3551
3528 3563
3529 3804
3529 3810
3530 3532
3530 3537
3531 3612
3540 3595
3542 3544
3542 3567
3543 3573
3544 3603
3544 3606
3552 3594
3554 3566
3558 3576
3558 3603
3558 3657
3561 3603
3561 3613
3561 3664
3561 3666
3562 3616
3563 3575
3563 3620
3569 3626
3571 3609
3576 3662
3577 3638
3579 3618
3579 3642
3580 3632
3583 3599
3590 3606
3591 3599
3595 3823
3596 3656
3599 3616
3600 3609
3600 3657
3603 3655
3603 3747
3603 3766
3605 3648
3607 3643
3607 3647
3614 3627
3616 3625
3616 3638
3621 3657
3626 3659
3627 3648
3632 3639
3632 3643
3637 3645
3653 3666
3656 3830
3670 3674
3670 3679
3670 3715
3672 3694
3676 3712
3684 3721
3685 3714
3688 3714
3712 3717
3730 3784
3735 3739
3735 3779
3736 3746
3736 3761
3736 3764
3739 3783
3739 3809
3740 3829
3745 3748
3745 3801
3748 3770
3748 3802
3750 3798
3751 3781
3753 3809
3761 3771
3763 3770
3767 3817
3769 3827
3770 3771
3770 3829
3771 3793
3774 3831
3777 3784
3780 3808
3783 3805
3783 3809
3801 3825
3805 3812
3809 3828
3824 3829
3833 3852
3833 3859
3833 3905
3833 3960
3833 3964
3833 3971
3835 3902
3835 3916
3835 3918
3841 3883
3841 3906
3841 3991
3842 3912
3843 3919
3844 3867
3844 3961
3849 3874
3849 3966
3854 3870
3859 3882
3859 3894
3859 3970
3860 3913
3862 3966
3863 4001
3864 3865
3865 3905
3865 3970
3865 3975
3865 3994
3868 3884
3868 3930
3870 3970
3870 3976
3872 3961
3873 3992
3874 3910
3874 3981
3875 3899
3877 3974
3880 3951
3884 3927
3891 3999
3893 3900
3893 3977
3895 3903
3898 3919
3898 3969
3898 3975
3898 3980
3899 3915
3901 3943
3904 3954
3906 3970
3912 3969
3912 3972
3915 3946
3916 3918
3924 3990
3925 3986
3926 3949
3927 3940
3927 3982
3929 3943
3930 3941
3930 3946
3946 3960
3949 4023
3951 3956
3951 3975
3952 3968
3956 3980
3960 3975
3961 3993
3966 3974
3968 3985
3974 3997
3976 3992
3991 3995
4010 4017
4014 4038
