3528 3563 1
2516 2555 1
2995 3189 1
1002 1198 1
698 1152 1
3106 3388 1
524 646 1
780 1279 1
2235 2305 1
1127 1175 1
535 1239 1
2283 2308 1
1806 1902 1
2201 2719 1
834 1089 1
852 1341 1
748 1082 1
1409 1752 1
761 808 1
2172 2218 1
3676 3712 1
2274 2489 1
3094 3156 1
1141 3614 1
1115 3793 1
985 1112 1
2004 2107 1
1031 3616 1
478 974 1
3059 3133 1
1030 1271 1
458 1026 1
2549 2559 1
3761 3771 1
2333 2794 1
1696 1786 1
2739 2862 1
2345 2555 1
1972 2004 1
516 836 1
2960 3366 1
2804 2808 1
3860 3913 1
1442 1737 1
591 1037 1
2206 2256 1
3506 3582 1
648 1109 1
988 1087 1
677 689 1
2715 2723 1
577 911 1
1606 1640 1
2723 2804 1
3745 3801 1
1525 2081 1
2319 2605 1
1538 1566 1
2965 2989 1
653 1275 1
2405 2722 1
2509 2863 1
0 202 1
111 312 1
2302 2463 1
1931 2149 1
554 1023 1
2379 2445 1
2640 2700 1
545 1187 1
896 1118 1
3066 3201 1
3059 3144 1
642 1221 1
2534 2713 1
493 1246 1
1143 1386 1
185 271 1
1072 3545 1
1069 1311 1
857 1244 1
635 925 1
482 832 1
3480 3661 1
3898 3919 1
2583 2798 1
2636 2750 1
1690 1786 1
1668 2019 1
2285 2292 1
826 958 1
440 912 1
1936 2085 1
2356 2535 1
2225 2418 1
71 230 1
3750 3798 1
529 669 1
527 569 1
1809 2164 1
2359 2439 1
2373 2405 1
808 1381 1
2203 2496 1
2765 2897 1
107 1380 1
2173 2288 1
2248 2350 1
853 1074 1
2465 2526 1
2367 2395 1
2167 2501 1
1719 1884 1
3434 3441 1
2444 2505 1
1598 2146 1
1850 2164 1
2373 2456 1
614 812 1
612 632 1
2373 2641 1
2986 3102 1
3528 3551 1
2424 2602 1
956 1275 1
79 271 1
2238 2733 1
1507 1912 1
2378 2495 1
2525 2897 1
57 320 1
403 1175 1
2808 2859 1
2196 2625 1
2260 2581 1
1604 1773 1
1405 2120 1
115 312 1
935 974 1
2405 2910 1
463 522 1
2424 2557 1
107 553 1
615 761 1
1706 2050 1
9 156 1
1375 3643 1
871 1228 1
3898 3975 1
1486 1647 1
185 322 1
1655 1690 1
1820 1925 1
3038 3273 1
1722 1843 1
617 794 1
2683 2750 1
2072 2136 1
1020 1324 1
1669 1800 1
1134 1225 1
1523 1550 1
795 1076 1
369 417 1
683 762 1
107 1214 1
856 1377 1
965 1002 1
1046 2730 1
3080 3181 1
1952 2008 1
2502 2602 1
1522 2074 1
571 691 1
1681 1817 1
1024 1142 1
2926 3062 1
614 636 1
2465 2665 1
3580 3632 1
2309 2598 1
822 982 1
2702 2900 1
1666 1990 1
953 1258 1
492 1244 1
1091 1275 1
1419 1585 1
3506 3616 1
386 884 1
1477 2021 1
1506 1675 1
1558 2086 1
751 1014 1
3529 3810 1
1502 1544 1
3864 3865 1
2490 2689 1
839 1225 1
802 1303 1
2359 2397 1
2293 2481 1
2323 2871 1
1446 1650 1
2285 2830 1
680 1269 1
1054 1059 1
804 1187 1
1244 1376 1
555 960 1
3603 3747 1
2916 3163 1
1042 1164 1
2252 2874 1
472 1226 1
1645 1661 1
2717 2805 1
1467 2114 1
935 1227 1
3186 3409 1
2387 2574 1
916 1222 1
2210 2281 1
3093 3217 1
1690 2156 1
1717 1896 1
548 783 1
2342 2366 1
2442 2570 1
2406 2505 1
2480 2727 1
1847 1967 1
499 703 1
2675 2766 1
2343 2542 1
2445 2629 1
607 837 1
895 1194 1
82 172 1
533 1072 1
771 1104 1
2366 2802 1
414 694 1
1696 1904 1
869 1963 1
136 304 1
3058 3421 1
3001 3218 1
406 742 1
1226 1296 1
1191 2382 1
3026 3040 1
3621 3657 1
672 822 1
3035 3116 1
2609 2669 1
1209 1299 1
3949 4023 1
1502 2069 1
2240 2379 1
2419 2631 1
996 1187 1
2985 3006 1
1233 1335 1
1037 1070 1
2294 2357 1
841 1069 1
350 980 1
611 3478 1
1093 1344 1
1591 1657 1
519 1060 1
2221 2762 1
1719 2121 1
1043 1254 1
368 1067 1
1114 1190 1
539 601 1
3185 3273 1
3927 3940 1
601 803 1
2856 2862 1
2288 2608 1
2178 2199 1
1655 2078 1
3217 3307 1
2606 2727 1
707 1283 1
2366 2632 1
1191 2202 1
3262 3421 1
3163 3197 1
3307 3360 1
2603 2859 1
398 1082 1
1288 1348 1
636 1146 1
2202 2203 1
2548 2675 1
2663 2797 1
560 1204 1
1408 1888 1
518 615 1
2684 2859 1
419 994 1
781 1095 1
2323 2470 1
1625 2014 1
3893 3900 1
2492 2594 1
2981 3356 1
1478 1872 1
611 977 1
608 1265 1
2632 2718 1
2318 2499 1
3874 3981 1
449 703 1
458 1297 1
2509 2765 1
1880 1997 1
986 1180 1
1002 1163 1
552 705 1
1991 2133 1
2363 2715 1
445 855 1
1157 1537 1
3091 3224 1
360 734 1
1991 2010 1
680 1248 1
68 225 1
1823 1934 1
2443 2715 1
3616 3638 1
1625 1784 1
1236 1244 1
875 1006 1
785 1334 1
656 935 1
2333 2816 1
2366 2852 1
3780 3808 1
3599 3616 1
2513 2663 1
1783 1835 1
2564 2650 1
551 780 1
690 1262 1
2870 2878 1
2981 3360 1
2309 2444 1
2405 2488 1
29 118 1
632 1250 1
2391 2562 1
1177 1203 1
685 1007 1
2377 2669 1
2381 2621 1
1416 1509 1
1037 1372 1
684 3474 1
1434 1568 1
481 1142 1
1667 2062 1
3527 3575 1
2240 2499 1
3712 3717 1
841 1078 1
988 1024 1
991 1007 1
1672 2034 1
2333 2465 1
2926 3162 1
410 782 1
1598 1667 1
1634 2051 1
743 3536 1
563 1090 1
577 637 1
1876 2111 1
2202 2884 1
2462 2733 1
1669 2010 1
542 1094 1
1626 1958 1
910 1167 1
765 1209 1
373 1368 1
2080 2085 1
2327 2847 1
2584 2683 1
2578 2618 1
824 1053 1
1046 2550 1
2376 2819 1
529 792 1
3735 3779 1
2027 2149 1
2324 2530 1
2196 2856 1
2386 2814 1
170 332 1
2293 2393 1
1674 1865 1
560 1365 1
2304 2666 1
2341 2724 1
1831 1832 1
107 713 1
3507 3536 1
3763 3770 1
2357 2453 1
2461 2647 1
2238 2444 1
2966 3047 1
1644 1939 1
2521 2834 1
2298 2833 1
29 106 1
1807 1898 1
2332 2348 1
639 775 1
750 1376 1
2475 2531 1
2372 2528 1
2365 2387 1
1667 1931 1
775 1039 1
2339 2345 1
2397 2701 1
3561 3664 1
735 1257 1
2478 2640 1
136 315 1
107 676 1
2167 2622 1
2307 2726 1
3961 3993 1
2373 2512 1
2810 2864 1
3684 3721 1
2307 2627 1
3173 3241 1
1945 2004 1
792 1005 1
2402 2698 1
2328 2814 1
107 985 1
1757 2110 1
1473 2099 1
2916 3254 1
3005 3325 1
3739 3809 1
538 823 1
2819 2910 1
2947 3049 1
649 662 1
2262 2716 1
1309 1326 1
440 808 1
184 281 1
3841 3991 1
2467 2641 1
2172 2910 1
2624 2755 1
1291 1384 1
616 645 1
3571 3609 1
1640 1980 1
2350 2492 1
2085 2116 1
441 1153 1
2338 2688 1
421 1226 1
2498 2521 1
677 1289 1
1658 1925 1
1600 1841 1
727 1344 1
820 1002 1
765 831 1
2309 2753 1
3865 3905 1
2172 2343 1
603 1361 1
2548 2849 1
2531 2819 1
2189 2795 1
1141 1322 1
1655 1859 1
2595 2618 1
2562 2811 1
662 1377 1
2634 2836 1
3440 3458 1
469 1082 1
551 791 1
1681 1982 1
1651 1714 1
2508 2530 1
3115 3287 1
2669 2740 1
139 251 1
729 1244 1
2194 2490 1
2583 2767 1
2495 2545 1
1732 2053 1
444 1260 1
2301 2885 1
2169 2228 1
630 1005 1
2543 2638 1
2471 2781 1
608 765 1
1477 2074 1
1292 1363 1
1806 2080 1
795 1033 1
398 1021 1
377 532 1
384 1289 1
2439 2516 1
2208 2747 1
719 1246 1
863 1289 1
1580 2122 1
434 578 1
2438 2746 1
2356 2639 1
1157 1581 1
131 227 1
2732 2750 1
2475 2781 1
2167 2745 1
576 1087 1
604 1058 1
2386 2797 1
2475 2701 1
368 740 1
2173 2378 1
2508 2816 1
880 1041 1
686 755 1
2496 2544 1
2367 2683 1
2673 2701 1
2557 2810 1
2583 2788 1
3475 3522 1
2240 2319 1
694 1052 1
419 1228 1
2595 2791 1
478 1221 1
2362 2381 1
1113 1232 1
2577 2590 1
2427 2467 1
1747 1768 1
512 686 1
2811 2870 1
804 1318 1
2257 2442 1
899 1053 1
67 119 1
386 539 1
2308 2498 1
1935 2099 1
539 913 1
2172 2776 1
3632 3643 1
2542 2885 1
107 961 1
2313 2664 1
2455 2578 1
2217 2586 1
2173 2678 1
1593 1784 1
1845 2021 1
1568 2093 1
1766 1867 1
2473 2834 1
2541 2658 1
3374 3449 1
822 855 1
2547 2713 1
2473 2650 1
2442 2720 1
680 1059 1
2314 2845 1
2445 2461 1
1929 2067 1
3745 3748 1
579 656 1
2364 2755 1
123 334 1
2370 2445 1
1153 1239 1
2335 2448 1
2285 2586 1
2212 2539 1
2435 2470 1
2484 2814 1
2771 2904 1
1753 1964 1
2381 2538 1
1135 1276 1
3153 3287 1
2310 2512 1
3107 3280 1
1276 1344 1
1694 2056 1
802 1185 1
986 1066 1
1403 1846 1
2579 2901 1
2806 2819 1
67 109 1
1212 3823 1
943 1193 1
2519 2718 1
1875 2116 1
2175 2547 1
1886 1917 1
2212 2371 1
1375 3627 1
3558 3603 1
2649 2687 1
2495 2723 1
2642 2797 1
2190 2457 1
2533 2787 1
2561 2879 1
3833 3852 1
2394 2776 1
1606 2033 1
525 994 1
2986 3452 1
2248 2834 1
2549 2837 1
2234 2781 1
585 729 1
533 1133 1
2581 2754 1
429 584 1
107 1362 1
1522 1562 1
3051 3530 1
841 1082 1
2184 2688 1
814 1018 1
2357 2505 1
394 918 1
1408 1485 1
456 1204 1
2627 2863 1
1453 1892 1
1831 2060 1
581 828 1
2356 2645 1
531 981 1
3050 3073 1
2248 2715 1
2552 2840 1
20 149 1
2221 2808 1
1082 1210 1
2490 2756 1
852 1180 1
1137 1289 1
2329 2611 1
2367 2732 1
2916 3380 1
1157 1423 1
21 271 1
2979 3241 1
2461 2475 1
3509 3544 1
455 1111 1
2174 2888 1
0 347 1
1618 2048 1
1425 1870 1
2241 2358 1
947 1176 1
2495 2845 1
1026 1079 1
3497 3661 1
2392 2606 1
1754 1890 1
1289 1356 1
3513 3558 1
3031 3451 1
3298 3404 1
2295 2554 1
2607 2642 1
2386 2755 1
583 863 1
810 1106 1
2702 2894 1
2974 3976 1
417 735 1
1511 1716 1
715 797 1
3484 3579 1
3488 3595 1
1018 1066 1
674 796 1
1747 2029 1
1191 2195 1
2366 2598 1
3075 3130 1
107 1325 1
2631 2664 1
2461 2641 1
568 745 1
1598 2127 1
469 895 1
1738 2039 1
629 1021 1
1086 1242 1
2201 2629 1
2217 2467 1
2583 2687 1
1803 2147 1
62 239 1
2167 2541 1
2461 2625 1
1944 1978 1
1052 1105 1
2370 2841 1
348 1042 1
685 936 1
636 743 1
2465 2471 1
1510 1565 1
3138 3167 1
2377 2688 1
2283 2639 1
2376 2669 1
1087 1269 1
3107 3167 1
554 1267 1
2167 2690 1
6 95 1
802 998 1
2358 2513 1
107 890 1
3542 3544 1
1681 2096 1
2395 2473 1
1113 1267 1
2386 2804 1
2523 2844 1
2548 2847 1
1686 1814 1
1157 1733 1
2650 2814 1
1723 2147 1
2797 2856 1
2408 2538 1
532 1194 1
2298 2378 1
1923 2031 1
404 710 1
1090 1309 1
1574 1621 1
684 3604 1
2419 2816 1
2295 2801 1
3500 3626 1
675 1006 1
2342 2706 1
2650 2811 1
3090 3177 1
2916 2985 1
1593 1734 1
2436 2667 1
472 973 1
2314 2663 1
2781 2870 1
1591 1603 1
2227 2912 1
2588 2713 1
2283 2398 1
2285 2829 1
2358 2808 1
2701 2909 1
399 1289 1
2333 2880 1
2333 2631 1
378 716 1
1568 1595 1
520 1326 1
1408 1410 1
3283 3426 1
2184 2328 1
641 750 1
772 1370 1
2301 2808 1
25 252 1
2379 2880 1
998 1276 1
2472 2803 1
603 810 1
2528 2718 1
2254 2398 1
3991 3995 1
469 1210 1
2523 2915 1
3287 3321 1
3012 3414 1
601 667 1
831 1194 1
614 3566 1
2299 2521 1
1595 1655 1
3485 3766 1
1185 1345 1
476 576 1
1441 1477 1
2467 2828 1
2593 2898 1
1460 1755 1
2220 2421 1
2285 2759 1
1243 3800 1
3906 3970 1
188 297 1
1444 1573 1
3125 3316 1
2174 2280 1
2502 2559 1
1569 1902 1
3517 3656 1
511 895 1
1039 1380 1
2470 2538 1
107 1125 1
2041 2112 1
2471 2880 1
2408 2548 1
2358 2814 1
2499 2909 1
705 742 1
2394 2420 1
0 37 1
533 698 1
884 1194 1
1648 1897 1
740 1074 1
2300 2816 1
107 1235 1
1023 1365 1
3736 3764 1
742 1370 1
2200 2897 1
2979 3014 1
920 1092 1
1515 1943 1
2173 2281 1
2249 2390 1
986 1135 1
1953 2142 1
1045 1098 1
2372 2627 1
2427 2609 1
1243 3642 1
1601 1716 1
1422 2040 1
643 1372 1
3037 3334 1
2307 2764 1
2292 2322 1
41 312 1
1772 1867 1
3753 3809 1
2333 2475 1
3898 3969 1
405 1074 1
897 1181 1
406 557 1
1830 2025 1
684 3519 1
2167 2913 1
2364 2594 1
751 1067 1
2916 3102 1
2737 2781 1
2466 2568 1
2479 2675 1
2870 2893 1
1021 1309 1
557 810 1
2395 2495 1
2201 2848 1
3140 3283 1
601 629 1
2436 2899 1
869 2134 1
107 1298 1
944 1194 1
1459 1985 1
1410 1568 1
577 953 1
1556 2078 1
2992 3356 1
2202 2907 1
611 749 1
67 142 1
974 1059 1
3511 3661 1
2404 2871 1
1069 1225 1
531 554 1
1263 1274 1
1215 1359 1
773 936 1
697 1161 1
2397 2767 1
3637 3645 1
458 1345 1
3956 3980 1
2307 2326 1
3843 3919 1
1575 1644 1
2167 2765 1
745 1336 1
2390 2522 1
648 680 1
3558 3657 1
2348 2370 1
3282 3331 1
3026 3136 1
1561 1812 1
80 194 1
2564 2602 1
895 1140 1
702 944 1
1623 1912 1
1204 1225 1
406 623 1
2848 2866 1
2764 2799 1
2324 2848 1
1322 3622 1
608 863 1
2535 2847 1
1541 1979 1
2985 3034 1
1157 2049 1
2281 2884 1
1483 1625 1
840 1315 1
377 974 1
3321 3454 1
2529 2651 1
1497 1747 1
2426 2894 1
988 1053 1
3014 3099 1
739 1334 1
3069 3403 1
107 901 1
2416 2792 1
1494 1812 1
2350 2358 1
1203 1259 1
2167 2871 1
2916 3096 1
2761 2815 1
1714 1993 1
669 1311 1
1901 2042 1
2665 2767 1
2609 2910 1
2175 2847 1
667 703 1
2649 2863 1
3600 3657 1
2172 2719 1
990 1204 1
2357 2898 1
1026 1216 1
2458 2567 1
142 332 1
620 716 1
834 1067 1
2439 2641 1
1012 1125 1
579 1001 1
214 343 1
1157 1772 1
863 1376 1
1700 1909 1
107 862 1
698 776 1
737 856 1
1408 1849 1
653 1321 1
2614 2717 1
2636 2669 1
3082 3308 1
369 1353 1
1322 3542 1
0 216 1
1457 1559 1
1157 1393 1
662 1371 1
2219 2382 1
3614 3627 1
532 1365 1
504 801 1
2345 2885 1
3558 3576 1
2195 2203 1
107 1248 1
451 1299 1
3603 3766 1
680 1303 1
1977 1995 1
1750 1935 1
92 94 1
3480 3531 1
365 366 1
1199 1909 1
2458 2726 1
752 1221 1
2454 2654 1
136 2853 1
1931 1969 1
107 523 1
3051 3525 1
656 1079 1
1162 1285 1
2171 2309 1
2295 2781 1
2641 2815 1
2593 2802 1
3901 3943 1
53 204 1
1977 2121 1
1484 1893 1
516 1034 1
841 1080 1
1157 1967 1
1009 1075 1
2034 2134 1
369 1246 1
2458 2668 1
1486 2156 1
778 1045 1
660 1043 1
660 977 1
107 1018 1
2477 2599 1
1636 1847 1
843 868 1
2394 2870 1
731 1083 1
2916 3108 1
710 1083 1
1049 1315 1
585 1356 1
434 1297 1
2273 2305 1
647 745 1
2664 2804 1
879 1094 1
2293 2478 1
405 1158 1
1562 1790 1
1212 3571 1
1423 1956 1
177 227 1
715 873 1
1826 2069 1
3175 3239 1
834 953 1
748 1309 1
369 779 1
550 1372 1
2367 2830 1
2775 2787 1
1067 1326 1
841 1216 1
3951 3956 1
3049 3083 1
566 1241 1
2201 2659 1
520 1315 1
1574 2126 1
2196 2816 1
26 72 1
986 989 1
2419 2484 1
409 761 1
2619 2895 1
557 694 1
845 923 1
739 843 1
2002 2081 1
1459 1732 1
2631 2880 1
1685 1926 1
107 1105 1
3185 3360 1
662 1056 1
834 920 1
2194 2756 1
3777 3784 1
2304 2658 1
1157 1635 1
3233 3360 1
743 1079 1
1434 1544 1
303 345 1
717 1061 1
1542 2139 1
2404 2502 1
1827 1847 1
1830 2050 1
684 3500 1
2339 2488 1
3576 3662 1
661 823 1
2258 2858 1
2286 2440 1
401 493 1
3061 3242 1
1602 1661 1
2545 2880 1
2916 2975 1
2218 2719 1
3472 3647 1
511 585 1
958 1263 1
539 765 1
804 1341 1
710 1194 1
3398 3455 1
1575 2029 1
815 1180 1
2579 2662 1
2370 2526 1
2266 2702 1
2328 2554 1
616 1304 1
1743 1905 1
2625 2684 1
1067 1363 1
2534 2904 1
2912 2913 1
386 1187 1
750 852 1
1820 1872 1
1915 2164 1
2443 2841 1
2339 2767 1
2248 2719 1
2398 2716 1
638 1024 1
2545 2797 1
3469 3520 1
2461 2870 1
482 1264 1
2814 2856 1
2226 2846 1
1806 2108 1
601 1158 1
25 130 1
2974 3956 1
783 1359 1
1610 1843 1
2578 2595 1
2305 2690 1
107 640 1
880 1161 1
710 715 1
3439 3447 1
577 630 1
496 1361 1
3833 3960 1
1997 2029 1
2563 2862 1
1185 1285 1
3038 3078 1
41 116 1
885 1160 1
2348 2650 1
553 813 1
2582 2634 1
2300 2862 1
1686 1715 1
1674 1943 1
2328 2715 1
732 1236 1
2570 2720 1
1444 1817 1
3740 3829 1
948 1074 1
1212 3621 1
1872 2093 1
2228 2539 1
2172 2386 1
639 869 1
2644 2767 1
1060 1200 1
2494 2602 1
699 1204 1
3472 3500 1
527 1289 1
2599 2734 1
2333 2861 1
2916 3179 1
2297 2602 1
1700 1915 1
1092 1289 1
1459 1648 1
761 1361 1
1970 2072 1
2342 2505 1
1826 1925 1
528 803 1
2301 2798 1
2322 2744 1
3865 3975 1
3844 3961 1
1348 1385 1
2336 2392 1
563 1161 1
1531 1880 1
122 186 1
1686 1925 1
495 848 1
2579 2724 1
372 949 1
394 1206 1
398 1275 1
239 323 1
2621 2867 1
677 1018 1
855 953 1
2568 2643 1
1845 2126 1
2408 2435 1
2342 2522 1
557 868 1
2171 2843 1
2916 3449 1
2329 2461 1
586 1243 1
2641 2798 1
499 1280 1
1157 1571 1
2719 2759 1
1497 2029 1
628 760 1
2665 2722 1
2196 2640 1
2499 2603 1
2314 2603 1
2171 2388 1
586 1008 1
527 680 1
840 841 1
2570 2672 1
2373 2378 1
2455 2744 1
2578 2797 1
669 922 1
703 1244 1
107 1127 1
1467 2156 1
2443 2664 1
1194 1309 1
989 1006 1
1004 1180 1
1637 1730 1
41 115 1
966 1321 1
880 1354 1
2175 2406 1
367 1254 1
2444 2650 1
531 1180 1
2284 2583 1
393 1296 1
2724 2879 1
3563 3575 1
2551 2728 1
1472 1654 1
2275 2397 1
539 1345 1
506 839 1
2730 2843 1
2201 2301 1
2338 2806 1
2323 2853 1
638 956 1
2370 2589 1
2193 2196 1
2292 2300 1
719 972 1
107 473 1
1026 1341 1
2740 2762 1
2323 2548 1
3521 3591 1
1397 1561 1
2359 2564 1
3554 3566 1
929 2323 1
1829 2059 1
1195 1216 1
1977 2111 1
1542 1866 1
107 1202 1
2505 2764 1
196 346 1
1616 2129 1
1479 1674 1
1751 2149 1
2167 2422 1
753 798 1
988 1140 1
481 1003 1
1191 2479 1
3824 3829 1
1606 1980 1
2521 2586 1
2479 2898 1
981 1066 1
1668 1695 1
2307 2639 1
213 239 1
3014 3312 1
3616 3625 1
2726 2849 1
405 996 1
2464 2617 1
928 1131 1
901 1180 1
3783 3805 1
2328 2614 1
409 755 1
3952 3968 1
350 369 1
466 980 1
838 1167 1
494 503 1
839 998 1
1794 1826 1
2167 2767 1
2389 2751 1
117 231 1
1091 1345 1
545 1216 1
694 813 1
1764 1882 1
794 1089 1
529 1311 1
3280 3431 1
465 945 1
368 539 1
2722 2809 1
398 1156 1
2397 2443 1
986 1303 1
2302 2537 1
2382 2438 1
2330 2476 1
2618 2808 1
794 1344 1
2217 2828 1
1703 1969 1
520 1358 1
432 1338 1
715 1380 1
1750 2142 1
2406 2767 1
1925 2117 1
1182 1231 1
3503 3622 1
3485 3613 1
107 1062 1
2607 2874 1
762 1200 1
533 1150 1
642 1228 1
1831 2115 1
2966 3408 1
0 127 1
2723 2762 1
2314 2508 1
485 897 1
405 793 1
608 630 1
2260 2439 1
487 687 1
2627 2639 1
477 1270 1
120 136 1
775 1092 1
2328 2874 1
2554 2564 1
3912 3969 1
1014 1376 1
2554 2761 1
834 1309 1
2728 2763 1
2218 2761 1
831 1140 1
684 3669 1
368 404 1
662 1202 1
1135 1272 1
412 697 1
1275 1354 1
2794 2841 1
729 944 1
2388 2406 1
665 716 1
1134 1209 1
2759 2886 1
2338 2814 1
950 1250 1
2554 2608 1
1643 1828 1
797 1294 1
1021 1295 1
373 986 1
2196 2618 1
702 1082 1
80 299 1
2218 2248 1
1046 2214 1
752 1228 1
751 1341 1
2484 2815 1
2367 2761 1
21 25 1
569 1161 1
1391 1533 1
1412 1674 1
2345 2856 1
1557 2021 1
888 1372 1
2455 2879 1
2537 2645 1
2288 2373 1
1083 1148 1
2249 2326 1
658 841 1
471 1047 1
1041 1265 1
2172 2723 1
2691 2763 1
4014 4038 1
3632 3639 1
2513 2665 1
458 1073 1
469 1387 1
3081 3333 1
2171 2342 1
3100 3451 1
3282 3415 1
444 916 1
559 1154 1
2726 2843 1
382 414 1
2252 2740 1
2533 2834 1
511 753 1
756 794 1
1542 1908 1
641 1295 1
2466 2600 1
1556 1659 1
1646 1752 1
2318 2805 1
2255 2277 1
1843 1982 1
2512 2594 1
1486 1794 1
1072 3595 1
2595 2641 1
1375 3538 1
650 851 1
577 656 1
432 1208 1
427 1060 1
2383 2577 1
3135 3203 1
2994 3155 1
1468 1970 1
1478 1815 1
1141 3538 1
2354 2454 1
1036 1192 1
3277 3338 1
1285 1363 1
3313 3325 1
1002 1103 1
2395 2874 1
512 1188 1
2297 2454 1
2475 2586 1
471 1056 1
538 590 1
107 412 1
560 1030 1
3670 3715 1
882 1121 1
2530 2829 1
669 1211 1
1484 1980 1
1568 1752 1
979 1071 1
1409 2156 1
2650 2816 1
434 855 1
539 746 1
2733 2856 1
107 970 1
3626 3659 1
2597 2626 1
2557 2726 1
2315 2397 1
2225 2748 1
405 1269 1
2190 2875 1
1562 2085 1
3072 3239 1
493 1094 1
1592 1780 1
2255 2894 1
357 685 1
26 62 1
2318 2461 1
377 807 1
2302 2560 1
2172 2834 1
527 1087 1
3053 3401 1
880 1090 1
904 1335 1
2400 2621 1
1484 1786 1
1045 1189 1
1669 2060 1
109 122 1
794 1026 1
1727 1885 1
1039 1309 1
24 299 1
2363 2737 1
1497 1681 1
2916 2966 1
1749 1937 1
911 974 1
3518 3600 1
798 1380 1
1902 1915 1
3383 3392 1
390 691 1
1898 2061 1
2194 2687 1
2394 2808 1
3801 3825 1
1634 1812 1
3968 3985 1
1041 1303 1
2830 2846 1
2336 2583 1
689 798 1
1221 1368 1
841 1319 1
2999 3184 1
2318 2394 1
3519 3647 1
107 1359 1
3213 3409 1
2665 2750 1
1021 1344 1
1435 2144 1
1157 1801 1
1484 1601 1
3783 3809 1
3685 3714 1
920 1244 1
2217 2797 1
1779 1931 1
2559 2792 1
1495 1550 1
421 1371 1
364 575 1
1042 1348 1
2193 2862 1
2295 2353 1
2275 2603 1
2208 2473 1
2307 2308 1
2490 2687 1
2424 2593 1
1562 2050 1
2561 2611 1
765 935 1
2250 2305 1
579 655 1
2167 2275 1
2343 2499 1
113 304 1
1030 1092 1
2964 2967 1
614 3552 1
706 1352 1
2167 2530 1
2327 2336 1
2603 2811 1
2578 2759 1
2801 2878 1
3735 3739 1
884 1209 1
911 1067 1
2027 2046 1
2521 2715 1
2252 2685 1
684 3507 1
308 323 1
2248 2624 1
2461 2901 1
655 729 1
1390 1471 1
1066 1363 1
3974 3997 1
1467 1661 1
1936 2077 1
2226 2419 1
2394 2804 1
2495 2801 1
2298 2636 1
698 741 1
1751 1862 1
1777 1828 1
2544 2718 1
1713 1793 1
2549 2858 1
3924 3990 1
3596 3656 1
3185 3449 1
1773 2043 1
834 1299 1
2797 2833 1
2390 2606 1
1039 1148 1
2195 2606 1
2756 2872 1
802 1080 1
718 818 1
1925 2078 1
1690 2014 1
934 1267 1
1718 1849 1
2471 2798 1
107 917 1
2512 2636 1
107 834 1
2325 2590 1
476 587 1
547 1012 1
2568 2869 1
1445 2006 1
2563 2581 1
1950 2147 1
2806 2909 1
2226 2663 1
672 1039 1
3579 3618 1
2377 2750 1
2449 2494 1
642 1039 1
693 1144 1
1966 2099 1
1672 1719 1
746 855 1
684 3478 1
2239 2611 1
620 1309 1
1091 1299 1
1427 1763 1
980 1217 1
2275 2314 1
553 1336 1
392 1121 1
451 1315 1
668 1307 1
899 1006 1
2672 2863 1
2167 2255 1
2468 2879 1
2855 2886 1
430 904 1
1539 1753 1
2935 3175 1
1525 2111 1
142 158 1
419 831 1
2755 2886 1
3193 3252 1
2477 2502 1
729 1026 1
1601 1838 1
615 1334 1
840 1197 1
2318 2893 1
562 961 1
2276 2740 1
3767 3817 1
195 306 1
2397 2554 1
2329 2542 1
672 1026 1
2187 2675 1
368 715 1
843 923 1
2499 2526 1
2294 2897 1
1494 1499 1
2650 2669 1
3021 3280 1
26 315 1
679 1361 1
2685 2754 1
2186 2256 1
3739 3783 1
1977 2085 1
834 1092 1
3531 3612 1
1600 1989 1
697 716 1
433 1056 1
2587 2798 1
734 1036 1
2931 3055 1
2498 2645 1
2631 2739 1
1896 1968 1
632 1014 1
576 1080 1
2811 2880 1
16 331 1
1954 2075 1
2716 2863 1
3805 3812 1
656 913 1
2395 2439 1
2339 2815 1
2593 2763 1
771 773 1
868 1164 1
863 866 1
695 773 1
2512 2607 1
611 3618 1
2382 2505 1
2370 2808 1
2461 2578 1
691 1372 1
212 239 1
967 1327 1
1157 1534 1
469 529 1
2965 3389 1
2281 2523 1
1423 2034 1
196 285 1
1962 1967 1
2329 2801 1
3835 3918 1
561 721 1
2591 2599 1
3875 3899 1
481 1244 1
1210 1265 1
511 632 1
2386 2641 1
2583 2863 1
610 864 1
3051 3497 1
943 1045 1
56 66 1
672 798 1
2281 2534 1
2285 2724 1
935 1276 1
2206 2840 1
1269 1285 1
2348 2646 1
2252 2364 1
528 667 1
2409 2848 1
1484 1814 1
388 1076 1
213 224 1
3873 3992 1
2542 2566 1
1406 1493 1
2847 2907 1
531 822 1
1556 1904 1
1040 1299 1
2318 2434 1
369 882 1
290 322 1
1747 2083 1
2339 2611 1
2404 2774 1
9 231 1
1024 1053 1
1688 1731 1
371 472 1
3925 3986 1
775 1341 1
3000 3167 1
1282 1301 1
941 1054 1
1637 2023 1
1395 1595 1
2636 2841 1
2241 2531 1
802 1197 1
158 248 1
3870 3976 1
527 1134 1
583 1082 1
2405 2533 1
732 953 1
3561 3666 1
841 988 1
1395 1777 1
3485 3550 1
648 1303 1
1140 1275 1
2287 2872 1
2488 2641 1
1568 2117 1
815 901 1
1879 2014 1
1259 1300 1
1790 1812 1
2300 2797 1
3479 3537 1
1393 1619 1
995 1200 1
2418 2538 1
2359 2607 1
585 642 1
916 999 1
1262 1334 1
3431 3454 1
617 855 1
2202 2388 1
107 772 1
476 1185 1
1618 1885 1
1732 2071 1
783 891 1
573 778 1
2193 2364 1
1053 1137 1
2523 2706 1
608 1365 1
539 1087 1
1578 1982 1
2250 2895 1
3479 3488 1
2260 2663 1
470 1193 1
1066 1102 1
2225 2756 1
2286 2525 1
2530 2809 1
1141 3504 1
2333 2809 1
2408 2765 1
1157 2102 1
2398 2424 1
3179 3274 1
3736 3761 1
2173 2739 1
1834 1844 1
2239 2859 1
2210 2583 1
2323 2326 1
3241 3247 1
611 3659 1
3488 3591 1
1408 1486 1
1397 1688 1
291 329 1
2387 2528 1
3039 3392 1
2196 2870 1
2350 2685 1
1506 1640 1
2323 2600 1
2597 2873 1
802 1265 1
3469 3578 1
1506 1826 1
2533 2761 1
1746 1805 1
1899 1995 1
640 1139 1
2342 2446 1
1638 1838 1
782 1274 1
9 113 1
2283 2727 1
1835 1871 1
436 555 1
1845 1928 1
1056 1098 1
2591 2884 1
870 967 1
677 1244 1
1492 2054 1
2403 2538 1
2318 2665 1
3770 3829 1
3653 3666 1
2723 2755 1
2514 2634 1
2366 2734 1
1276 1289 1
536 731 1
3518 3590 1
1642 1643 1
1157 1551 1
2167 2818 1
3097 3404 1
876 1257 1
1005 1082 1
2193 2333 1
107 1058 1
2323 2599 1
2342 2763 1
87 315 1
2331 2877 1
2727 2897 1
2244 2292 1
579 1319 1
1949 1989 1
528 1227 1
480 642 1
56 212 1
632 1080 1
2624 2791 1
2970 3280 1
2688 2798 1
1204 1267 1
2279 2840 1
26 142 1
823 1048 1
1157 1614 1
1427 1596 1
1453 1993 1
2989 3434 1
1810 2047 1
2386 2762 1
745 943 1
484 1288 1
107 522 1
2606 2632 1
1322 3645 1
3688 3714 1
3670 3679 1
1006 1289 1
3264 3306 1
2664 2879 1
430 1289 1
2723 2737 1
2408 2424 1
2275 2719 1
1478 1777 1
831 1289 1
2167 2589 1
718 1104 1
1435 1670 1
2345 2595 1
2521 2578 1
2182 2690 1
2209 2623 1
1391 1732 1
3522 3567 1
3672 3694 1
2594 2811 1
2167 2847 1
989 1191 1
807 863 1
2196 2579 1
2234 2292 1
970 1612 1
840 1211 1
2299 2857 1
1539 1670 1
598 673 1
2928 3324 1
1060 1348 1
854 899 1
1986 2159 1
3075 3414 1
107 658 1
1747 2127 1
857 1289 1
2167 2853 1
841 953 1
1703 1890 1
2352 2875 1
399 1363 1
2167 2395 1
2180 2607 1
1700 2074 1
1716 1914 1
1289 1376 1
2198 2589 1
2663 2893 1
2442 2519 1
1625 2156 1
3137 3447 1
1781 1915 1
841 863 1
2639 2644 1
2055 2112 1
680 1130 1
735 961 1
2642 2874 1
2358 2555 1
854 1275 1
1412 2130 1
2416 2649 1
3600 3609 1
2032 2080 1
2611 2797 1
2763 2765 1
3497 3622 1
1228 1311 1
1598 2149 1
449 793 1
123 252 1
824 974 1
694 1361 1
2310 2484 1
3160 3195 1
386 1058 1
1090 1102 1
1411 1421 1
1644 2110 1
2347 2555 1
2342 2730 1
2167 2613 1
390 444 1
571 842 1
2309 2700 1
649 1065 1
920 990 1
2175 2249 1
2456 2614 1
1036 1343 1
1043 1072 1
2021 2029 1
379 1135 1
2669 2829 1
2402 2526 1
3930 3941 1
2329 2856 1
1598 2080 1
684 3605 1
698 1327 1
2184 2533 1
824 1096 1
2989 3430 1
1006 1321 1
610 636 1
2301 2333 1
614 3488 1
2931 3360 1
2382 2651 1
2627 2852 1
2185 2304 1
2531 2629 1
1676 1687 1
2788 2890 1
2248 2353 1
932 1207 1
2427 2805 1
1313 1372 1
2862 2880 1
2535 2849 1
716 1356 1
1686 2156 1
2400 2551 1
2483 2626 1
357 886 1
1781 2062 1
536 1067 1
3544 3606 1
2348 2759 1
2198 2402 1
839 1190 1
1493 1931 1
2359 2636 1
551 711 1
334 339 1
3877 3974 1
2516 2647 1
2535 2872 1
2094 2114 1
1798 2145 1
1668 2073 1
715 935 1
1021 1180 1
3152 3183 1
461 1203 1
478 642 1
2241 2880 1
78 181 1
2227 2895 1
1375 3585 1
2964 2994 1
1695 2028 1
583 1281 1
2455 2893 1
2167 2512 1
806 1172 1
2275 2805 1
632 1338 1
2298 2318 1
3211 3298 1
2352 2912 1
3197 3383 1
2555 2624 1
2468 2830 1
175 225 1
3521 3659 1
1418 1847 1
2092 2147 1
612 1309 1
1764 2095 1
1512 1685 1
577 1134 1
793 1204 1
2206 2235 1
1408 2023 1
2326 2393 1
642 1365 1
2377 2614 1
3927 3982 1
2533 2811 1
107 1249 1
1212 3552 1
755 1106 1
1926 1983 1
2394 2724 1
14 144 1
579 1297 1
3865 3970 1
911 1248 1
1912 2027 1
551 1178 1
441 785 1
2184 2797 1
532 1092 1
2146 2164 1
2624 2685 1
2600 2708 1
2172 2533 1
4010 4017 1
2693 2792 1
107 753 1
3525 3571 1
873 1074 1
924 970 1
913 1345 1
911 1326 1
581 1082 1
2248 2473 1
1680 1976 1
425 1360 1
1882 1931 1
2495 2787 1
3859 3894 1
2357 2746 1
107 607 1
2477 2766 1
2373 2717 1
563 1204 1
962 1218 1
1471 1719 1
478 1091 1
25 332 1
2665 2829 1
2167 2363 1
2763 2766 1
721 1288 1
775 1084 1
983 3740 1
2594 2659 1
1931 1991 1
2295 2475 1
2173 2328 1
660 783 1
246 340 1
0 84 1
2492 2737 1
1441 2081 1
1283 1362 1
2345 2397 1
1675 1756 1
48 73 1
280 329 1
2310 2586 1
2172 2339 1
536 1227 1
492 793 1
406 423 1
2201 2473 1
2555 2901 1
1148 1280 1
1626 1639 1
2255 2305 1
1081 1349 1
2178 2396 1
1408 1640 1
3809 3828 1
2762 2819 1
2167 2438 1
1398 1511 1
3280 3334 1
88 178 1
2923 3225 1
412 585 1
429 646 1
1157 1524 1
2614 2856 1
2348 2376 1
842 1313 1
1067 1221 1
2586 2870 1
2467 2878 1
3627 3648 1
755 856 1
2252 2445 1
891 1146 1
1478 2069 1
2465 2659 1
1846 1915 1
2294 2479 1
107 1302 1
3841 3906 1
2328 2359 1
2318 2348 1
680 753 1
2669 2808 1
1145 1346 1
2336 2557 1
1768 2116 1
2167 2240 1
2588 2730 1
705 1304 1
1318 1345 1
461 1381 1
2534 2672 1
768 1312 1
3026 3078 1
3131 3366 1
2393 2672 1
421 534 1
1157 1856 1
2311 2379 1
2172 2564 1
3153 3169 1
1744 1914 1
2479 2602 1
1304 1348 1
2574 2639 1
2419 2659 1
2479 2720 1
3280 3355 1
2397 2801 1
0 31 1
1643 1794 1
3160 3413 1
617 786 1
554 1315 1
2328 2484 1
675 797 1
589 1319 1
639 1107 1
1944 2149 1
3670 3674 1
119 318 1
3211 3390 1
617 822 1
693 1388 1
577 797 1
416 457 1
2214 2388 1
377 802 1
133 188 1
2364 2859 1
3859 3882 1
2499 2669 1
1755 1865 1
3213 3315 1
466 557 1
2386 2397 1
386 445 1
3591 3599 1
1969 2164 1
1066 1209 1
1651 2072 1
2392 2761 1
23 155 1
2562 2804 1
369 1371 1
1600 1817 1
1593 1636 1
1000 1046 1
2317 2529 1
1904 2092 1
2226 2542 1
2579 2787 1
2365 2476 1
2376 2521 1
1133 1266 1
2208 2495 1
1606 1844 1
794 854 1
402 800 1
2373 2722 1
1018 1338 1
476 768 1
3552 3594 1
1172 1246 1
2591 2675 1
2579 2685 1
2377 2855 1
792 994 1
1643 2069 1
3051 3628 1
2922 2939 1
2377 2808 1
1210 1341 1
526 1118 1
3583 3599 1
2180 2815 1
2167 2377 1
989 1021 1
2317 2574 1
2750 2806 1
2363 2859 1
2601 2690 1
502 905 1
3474 3592 1
641 988 1
1606 1650 1
1747 1912 1
2328 2750 1
1039 1236 1
3170 3273 1
729 1221 1
2314 2848 1
610 1043 1
854 1319 1
2484 2834 1
2248 2370 1
3482 3642 1
3026 3409 1
1157 1666 1
1322 3479 1
2198 2208 1
1569 2108 1
605 744 1
599 1301 1
360 770 1
3605 3648 1
1449 1884 1
2755 2794 1
900 1008 1
3091 3421 1
1668 1848 1
3904 3954 1
2175 2283 1
2311 2646 1
3511 3600 1
3607 3643 1
834 895 1
1078 1280 1
358 506 1
669 863 1
2337 2652 1
1804 1857 1
3833 3859 1
386 931 1
2217 2341 1
737 1377 1
2294 2767 1
2797 2807 1
354 1106 1
2594 2636 1
2555 2797 1
520 1089 1
107 371 1
2427 2845 1
2172 2595 1
2377 2611 1
2314 2740 1
1907 1933 1
1764 1809 1
2999 3188 1
2611 2857 1
1275 1363 1
1644 1880 1
988 1311 1
2281 2689 1
1644 2032 1
2579 2581 1
3500 3816 1
1523 2163 1
2226 2564 1
648 1018 1
1606 1716 1
456 655 1
1902 2133 1
2512 2564 1
373 589 1
3001 3390 1
3736 3746 1
2207 2365 1
2300 2359 1
3835 3902 1
2611 2775 1
2173 2819 1
1052 1153 1
508 1079 1
615 1098 1
620 834 1
663 715 1
3036 3075 1
608 1049 1
2290 2384 1
1427 1715 1
1806 2028 1
831 1162 1
2329 2855 1
910 1219 1
386 753 1
576 583 1
107 1111 1
2811 2856 1
2974 4016 1
843 912 1
2564 2578 1
2248 2579 1
1212 3478 1
831 1021 1
2332 2624 1
379 1197 1
2287 2602 1
677 1137 1
1141 3467 1
953 1221 1
970 1894 1
727 1311 1
854 1356 1
2659 2732 1
2359 2879 1
0 313 1
508 1053 1
2512 2625 1
623 1198 1
2397 2809 1
473 568 1
3849 3966 1
2294 2534 1
504 900 1
2479 2890 1
1491 2083 1
719 1002 1
2220 2729 1
2659 2879 1
1626 1654 1
1161 1341 1
1529 1753 1
2669 2861 1
773 969 1
2294 2496 1
2198 2563 1
831 1365 1
2502 2853 1
528 831 1
350 1262 1
1580 1820 1
2173 2808 1
475 1160 1
601 1365 1
734 788 1
2532 2729 1
1079 1269 1
107 1109 1
1661 2129 1
839 1082 1
667 702 1
425 833 1
2208 2595 1
2285 2841 1
2482 2518 1
2343 2367 1
2311 2740 1
1470 1808 1
2386 2602 1
1476 1630 1
1995 2046 1
2439 2833 1
2599 2753 1
1375 3533 1
815 1114 1
2190 2882 1
1672 1963 1
1157 2047 1
697 1137 1
2471 2473 1
1458 1637 1
884 1248 1
533 1359 1
732 1053 1
1608 2055 1
3880 3951 1
1778 1938 1
3122 3343 1
2855 2878 1
2588 2766 1
2273 2690 1
2387 2734 1
2522 2730 1
883 1233 1
2196 2624 1
1243 3795 1
2240 2409 1
379 869 1
2490 2792 1
956 1082 1
660 743 1
2398 2904 1
2939 3265 1
2260 2333 1
2362 2375 1
2631 2781 1
2338 2526 1
829 1053 1
429 1231 1
2570 2706 1
1074 1180 1
2306 2368 1
2198 2807 1
2228 2881 1
3475 3595 1
532 1236 1
2244 2759 1
3478 3580 1
1800 2032 1
2168 2644 1
2461 2669 1
785 923 1
585 799 1
1403 1510 1
3527 3651 1
649 742 1
1460 1756 1
684 3637 1
698 937 1
2218 2378 1
2330 2490 1
1656 2157 1
611 812 1
1556 2031 1
865 1299 1
2167 2807 1
1083 1297 1
433 967 1
2488 2554 1
405 934 1
2663 2855 1
1721 1862 1
2591 2852 1
3122 3245 1
815 1053 1
418 815 1
212 232 1
107 508 1
3951 3975 1
945 3501 1
746 920 1
9 72 1
2554 2717 1
2209 2716 1
656 988 1
1485 1661 1
2370 2797 1
1069 1187 1
1652 1758 1
1595 2034 1
350 552 1
1243 3829 1
107 562 1
1058 1321 1
1135 1287 1
1592 2026 1
412 1180 1
841 1380 1
5 204 1
2248 2609 1
470 690 1
3530 3537 1
1466 1749 1
1787 2008 1
526 1072 1
411 663 1
899 1038 1
658 1078 1
2167 2849 1
916 1274 1
3929 3943 1
2764 2853 1
2285 2901 1
2603 2834 1
2579 2688 1
1623 1991 1
1403 2127 1
1542 1577 1
532 1280 1
3050 3430 1
2989 3383 1
45 67 1
2171 2398 1
1031 3830 1
2194 2477 1
2586 2797 1
1642 1670 1
750 815 1
570 1058 1
660 1072 1
2608 2809 1
2457 2913 1
25 277 1
1043 1375 1
574 1007 1
2446 2587 1
2981 3445 1
1397 2104 1
570 953 1
3167 3449 1
358 994 1
2241 2578 1
2363 2467 1
1157 1775 1
2025 2086 1
2202 2327 1
3473 3653 1
1298 1383 1
1564 1834 1
2392 2849 1
945 3514 1
3513 3546 1
2875 2912 1
1884 1898 1
2372 2726 1
2473 2828 1
2559 2599 1
3468 3646 1
1971 2142 1
2479 2767 1
2622 2849 1
2715 2811 1
1040 1315 1
2307 2538 1
729 935 1
752 1204 1
1157 1743 1
2196 2747 1
484 968 1
430 601 1
2675 2908 1
25 65 1
195 273 1
466 518 1
596 698 1
2419 2420 1
784 1342 1
2175 2627 1
2221 2609 1
2275 2285 1
2484 2693 1
412 521 1
1659 2092 1
2631 2846 1
445 1091 1
2508 2664 1
2198 2405 1
2967 3449 1
1598 1931 1
1479 1932 1
2636 2747 1
2458 2547 1
85 274 1
1846 1944 1
1322 3661 1
1198 1259 1
3540 3595 1
969 1382 1
2948 3009 1
2388 2766 1
441 1126 1
2435 2523 1
2074 2123 1
1107 1244 1
3899 3915 1
698 705 1
469 751 1
731 1075 1
2488 2755 1
2519 2632 1
626 1382 1
2818 2909 1
0 167 1
2275 2665 1
2533 2603 1
2512 2521 1
415 674 1
1625 2023 1
1721 1902 1
2724 2737 1
945 3615 1
3090 3404 1
511 1315 1
815 956 1
1794 1808 1
3976 3992 1
2332 2373 1
1765 2149 1
2284 2317 1
405 731 1
617 1026 1
1199 1473 1
2214 2424 1
481 978 1
2167 2576 1
2916 3419 1
632 1210 1
2241 2648 1
884 1295 1
2526 2740 1
614 3595 1
2180 2292 1
956 1318 1
107 643 1
583 1089 1
1091 1286 1
1814 2130 1
645 1002 1
748 1087 1
2241 2624 1
1516 2133 1
775 1107 1
2833 2834 1
1588 1757 1
2380 2502 1
868 1045 1
518 742 1
2454 2580 1
1142 1321 1
3197 3407 1
1409 1826 1
2292 2377 1
529 620 1
1147 1276 1
603 923 1
3269 3430 1
469 921 1
2438 2544 1
2281 2863 1
2723 2739 1
99 227 1
2705 2803 1
1511 2033 1
797 804 1
1677 1749 1
2364 2488 1
3844 3867 1
2341 2880 1
1790 1843 1
2495 2731 1
1875 1990 1
1057 1282 1
1107 1240 1
981 1187 1
1557 1768 1
501 743 1
3930 3946 1
2388 2884 1
2315 2874 1
641 1102 1
2706 2872 1
501 1292 1
3309 3352 1
1394 1729 1
2443 2495 1
2241 2350 1
252 342 1
3966 3974 1
348 471 1
698 828 1
2841 2859 1
3769 3827 1
1179 1370 1
404 1267 1
715 854 1
3089 3126 1
2195 2588 1
615 918 1
539 1225 1
1934 2072 1
2223 2273 1
2853 2897 1
3467 3586 1
1390 1592 1
2210 2262 1
3874 3910 1
2314 2886 1
1157 1951 1
1408 1645 1
807 1158 1
2343 2443 1
1705 1835 1
1696 1956 1
2636 2722 1
1557 1832 1
2029 2075 1
2916 3118 1
1461 1911 1
2167 2547 1
2764 2852 1
3115 3372 1
2856 2909 1
2175 2403 1
567 698 1
415 571 1
2602 2811 1
1059 1082 1
2242 2342 1
2720 2847 1
800 815 1
3835 3916 1
2235 2902 1
2204 2428 1
456 1309 1
2444 2849 1
2380 2438 1
2737 2857 1
1747 1955 1
3127 3163 1
1109 1236 1
53 196 1
2634 2849 1
3480 3490 1
377 1245 1
3543 3573 1
2990 3116 1
25 26 1
2449 2627 1
456 727 1
2504 2813 1
3544 3603 1
2808 2893 1
2238 2564 1
2957 3249 1
1082 1311 1
3872 3961 1
2303 2481 1
1187 1275 1
1193 1377 1
1620 2054 1
571 1070 1
824 920 1
2193 2806 1
21 56 1
813 1270 1
2841 2845 1
1021 1162 1
358 1276 1
804 895 1
367 382 1
2336 2598 1
2234 2831 1
2195 2757 1
2358 2581 1
453 820 1
1536 1740 1
348 1300 1
1666 2074 1
2611 2845 1
2275 2563 1
2458 2765 1
2201 2650 1
3276 3308 1
2359 2776 1
2928 2970 1
461 553 1
3862 3966 1
630 822 1
2554 2614 1
1626 1640 1
1423 2014 1
2805 2866 1
3208 3357 1
697 988 1
1516 1779 1
880 1053 1
2461 2880 1
2167 2757 1
800 823 1
532 579 1
1870 2021 1
996 1026 1
1157 2164 1
1492 1643 1
2701 2801 1
1616 1724 1
3868 3930 1
1557 1902 1
93 337 1
2292 2386 1
2808 2856 1
1430 2050 1
447 1289 1
2481 2867 1
2194 2907 1
2559 2858 1
1978 2113 1
2354 2538 1
2393 2718 1
2443 2662 1
369 1154 1
2324 2545 1
638 1073 1
560 1315 1
449 740 1
855 1134 1
348 1098 1
2934 3333 1
2688 2750 1
1686 1707 1
21 55 1
1880 2111 1
611 821 1
2455 2797 1
2533 2607 1
3479 3623 1
2422 2742 1
3730 3784 1
929 2863 1
1482 1790 1
2593 2766 1
2923 3387 1
1970 2146 1
1157 1850 1
2369 2667 1
2376 2611 1
1322 3503 1
828 3609 1
2201 2495 1
2011 2108 1
3276 3456 1
548 1322 1
1681 1994 1
2922 2945 1
501 803 1
527 1021 1
2688 2759 1
2445 2554 1
673 837 1
1544 1879 1
447 873 1
2217 2893 1
333 343 1
2209 2727 1
2916 3402 1
1495 1659 1
3125 3338 1
466 686 1
743 1215 1
3209 3312 1
348 896 1
3466 3627 1
430 1232 1
441 1377 1
2533 2830 1
520 539 1
2319 2611 1
2200 2706 1
3485 3587 1
649 1045 1
991 1038 1
3569 3626 1
1558 1892 1
2288 2310 1
2345 2495 1
2443 2856 1
539 649 1
703 841 1
2234 2313 1
1773 2099 1
107 689 1
2611 2747 1
1322 3485 1
579 839 1
3075 3113 1
2167 2800 1
92 101 1
1157 1529 1
2332 2345 1
1486 1752 1
2455 2814 1
452 588 1
1592 1751 1
663 1376 1
644 1020 1
2174 2414 1
584 695 1
2333 2607 1
2228 2250 1
1501 1688 1
1914 2054 1
2473 2818 1
2918 3129 1
2295 2564 1
2264 2902 1
2217 2455 1
2409 2819 1
2314 2688 1
2282 2412 1
1137 1275 1
998 1365 1
64 189 1
2335 2400 1
1191 2327 1
880 1309 1
1453 1749 1
1737 2101 1
2602 2653 1
2212 2690 1
752 1082 1
1629 1807 1
1867 1888 1
106 329 1
1458 1460 1
2586 2739 1
560 1196 1
970 994 1
3361 3386 1
14 151 1
2198 2618 1
2172 2180 1
302 330 1
3854 3870 1
1051 1371 1
121 169 1
889 1277 1
411 515 1
960 1370 1
2309 2602 1
716 1326 1
1142 1180 1
611 698 1
2329 2345 1
2476 2639 1
2678 2787 1
2217 2531 1
842 1263 1
2198 2343 1
1862 2062 1
2533 2808 1
2106 2157 1
577 1180 1
3530 3532 1
2494 2640 1
2505 2557 1
2256 2793 1
107 765 1
2255 2273 1
3116 3235 1
1192 1324 1
669 1078 1
844 1216 1
3233 3313 1
1482 1809 1
430 1326 1
2487 2890 1
0 332 1
109 295 1
1640 1673 1
1197 1344 1
2521 2664 1
1423 1676 1
501 839 1
911 1311 1
1698 1741 1
570 1354 1
1477 1768 1
579 1075 1
1437 2062 1
2240 2785 1
3841 3883 1
1190 1227 1
504 1100 1
21 39 1
1180 1299 1
1757 2077 1
2196 2508 1
2781 2848 1
2286 2671 1
2210 2588 1
405 1137 1
4 152 1
555 1060 1
2544 2865 1
1747 2126 1
348 747 1
1510 1757 1
604 1102 1
2367 2545 1
2285 2739 1
2454 2785 1
1452 2021 1
860 1108 1
2172 2602 1
1004 1245 1
1602 1683 1
872 1355 1
729 920 1
2625 2805 1
840 1087 1
727 1276 1
1522 1983 1
1848 1902 1
2233 2302 1
435 539 1
427 890 1
2359 2828 1
1449 1819 1
738 1225 1
792 985 1
1446 1786 1
3179 3443 1
3774 3831 1
539 1320 1
2765 2802 1
790 1066 1
563 784 1
880 1209 1
2481 2623 1
2424 2863 1
862 901 1
369 1182 1
1046 2871 1
3001 3167 1
2640 2653 1
1484 1696 1
702 738 1
1024 1069 1
1026 1319 1
3884 3927 1
802 855 1
107 731 1
656 1067 1
2171 2404 1
1492 1914 1
1548 2037 1
1862 2121 1
1018 1078 1
637 1345 1
1221 1265 1
3863 4001 1
1448 1604 1
2342 2864 1
614 1242 1
512 785 1
2509 2651 1
411 412 1
569 855 1
1279 1324 1
2318 2878 1
3504 3659 1
480 1058 1
3090 3390 1
3306 3439 1
831 1124 1
2857 2862 1
449 680 1
107 759 1
2322 2762 1
441 1202 1
604 841 1
3116 3455 1
1568 2144 1
1929 2088 1
2554 2659 1
1141 3527 1
1740 2120 1
585 680 1
2522 2523 1
3898 3980 1
2370 2443 1
1157 1927 1
107 935 1
2221 2240 1
1645 1759 1
1689 1712 1
2746 2798 1
450 793 1
636 1012 1
408 1015 1
953 1365 1
3527 3620 1
2239 2533 1
2377 2443 1
2377 2461 1
3027 3162 1
529 702 1
639 884 1
3113 3130 1
17 115 1
2211 2556 1
1884 2141 1
2586 2646 1
2538 2716 1
1423 2094 1
983 3761 1
3250 3410 1
1816 2025 1
2221 2370 1
2939 3116 1
1642 2069 1
2975 3180 1
107 348 1
623 701 1
2574 2598 1
438 1002 1
2373 2901 1
3464 3607 1
3771 3793 1
974 1053 1
404 988 1
2200 2599 1
1446 1980 1
2190 2212 1
2499 2701 1
1486 1786 1
2701 2732 1
280 304 1
2350 2901 1
107 564 1
1507 1630 1
2634 2872 1
56 303 1
3865 3994 1
1649 1784 1
783 828 1
3001 3072 1
2373 2806 1
2495 2629 1
2364 2603 1
86 227 1
1479 1867 1
629 740 1
2916 3342 1
3065 3352 1
766 1371 1
1696 1744 1
527 1341 1
531 1285 1
1802 2032 1
649 1349 1
674 1099 1
1432 1563 1
1480 1843 1
1477 1703 1
2601 2620 1
539 655 1
2632 2907 1
2173 2747 1
818 961 1
3527 3536 1
626 1223 1
2479 2753 1
2976 3111 1
84 265 1
1391 1837 1
2768 2877 1
2585 2765 1
1619 1808 1
3083 3269 1
2756 2815 1
1881 2042 1
2285 2845 1
173 202 1
2336 2639 1
2410 2897 1
2399 2408 1
824 1376 1
1444 1994 1
1441 2065 1
3946 3960 1
2521 2804 1
2275 2646 1
2221 2562 1
813 1239 1
2848 2870 1
2350 2755 1
2564 2629 1
3139 3226 1
785 1377 1
578 1089 1
406 555 1
2620 2894 1
837 1300 1
1566 1755 1
904 1059 1
3915 3946 1
1751 2062 1
1641 1646 1
2193 2663 1
665 1140 1
555 733 1
446 943 1
563 1303 1
107 1289 1
429 769 1
2167 2567 1
663 710 1
1295 1309 1
2292 2499 1
3508 3604 1
578 1276 1
3529 3804 1
2857 2861 1
621 1240 1
2479 2574 1
496 1052 1
583 1345 1
2312 2389 1
2342 2502 1
123 142 1
3960 3975 1
1662 2115 1
1676 2024 1
2473 2631 1
2259 2271 1
2578 2809 1
3020 3387 1
1681 2142 1
840 1210 1
965 1100 1
1294 1374 1
794 1269 1
2618 2659 1
539 1067 1
107 844 1
2947 3066 1
684 3639 1
1602 1730 1
3833 3971 1
2329 2471 1
365 830 1
2869 2887 1
1570 1978 1
2574 2767 1
3485 3511 1
2533 2901 1
1578 1623 1
3170 3245 1
2484 2717 1
1157 1403 1
515 1345 1
3067 3346 1
2663 2794 1
577 632 1
3895 3903 1
585 1049 1
815 1021 1
2586 2740 1
2530 2646 1
3577 3638 1
2171 2357 1
750 1345 1
1931 2002 1
1423 1673 1
665 1244 1
107 549 1
2798 2822 1
2252 2879 1
596 757 1
684 3469 1
1462 2050 1
2958 3063 1
3521 3666 1
1361 1377 1
2765 2792 1
2200 2837 1
2198 2409 1
526 1076 1
137 214 1
611 3623 1
2404 2449 1
3561 3613 1
2809 2870 1
1667 1954 1
1486 1670 1
1655 1826 1
866 1248 1
2195 2398 1
2475 2589 1
855 1140 1
2675 2847 1
2181 2519 1
1814 1879 1
1564 1716 1
2339 2870 1
1991 2164 1
2311 2322 1
2586 2755 1
2198 2378 1
2194 2766 1
1924 1942 1
1479 1803 1
3233 3278 1
2595 2659 1
2378 2740 1
2530 2909 1
3087 3313 1
467 1377 1
3100 3175 1
31 339 1
2241 2893 1
935 1280 1
1755 1987 1
2484 2808 1
662 739 1
2921 2934 1
2319 2329 1
1579 2093 1
503 908 1
2319 2555 1
1645 1649 1
1850 1931 1
3893 3977 1
2663 2833 1
680 703 1
389 1224 1
3072 3205 1
2551 2753 1
2570 2602 1
3926 3949 1
2266 2912 1
2465 2724 1
1513 1944 1
1086 1165 1
449 1039 1
3066 3275 1
1067 1376 1
451 1356 1
929 2453 1
652 841 1
2454 2505 1
3561 3603 1
989 1041 1
1243 3603 1
1596 1815 1
2010 2080 1
1785 1857 1
822 1039 1
1113 1221 1
656 1001 1
379 815 1
2433 2576 1
107 952 1
1059 1280 1
2323 2535 1
2373 2874 1
1938 1944 1
731 1308 1
1892 2032 1
2015 2086 1
1292 1302 1
528 1091 1
3481 3794 1
3059 3086 1
2473 2531 1
2375 2411 1
795 821 1
1044 1371 1
2583 2756 1
2458 2871 1
1539 2163 1
746 1067 1
2484 2754 1
2739 2848 1
2217 2240 1
1640 1794 1
2278 2384 1
2284 2527 1
2942 2965 1
127 272 1
1970 2075 1
1880 1977 1
2039 2048 1
3751 3781 1
1831 1862 1
1724 2147 1
1726 2136 1
2249 2852 1
2258 2559 1
1066 1130 1
1782 1879 1
3870 3970 1
856 1348 1
2345 2862 1
3912 3972 1
988 998 1
2996 3381 1
2954 3026 1
3859 3970 1
2516 2806 1
393 1177 1
1068 1236 1
1812 2075 1
166 202 1
1617 1844 1
931 956 1
3868 3884 1
2167 2218 1
412 765 1
749 1090 1
2345 2683 1
2864 2908 1
1468 2096 1
3770 3771 1
107 408 1
612 630 1
689 884 1
636 838 1
991 995 1
352 1160 1
1749 1940 1
2659 2910 1
539 887 1
637 934 1
1706 1848 1
163 173 1
2238 2461 1
1212 3545 1
2167 2662 1
2248 2857 1
2663 2879 1
2514 2639 1
2650 2715 1
3542 3567 1
3111 3404 1
895 1005 1
3107 3325 1
420 563 1
970 1792 1
1870 2051 1
960 1300 1
2178 2431 1
3916 3918 1
1470 1658 1
3118 3345 1
545 577 1
1731 2086 1
3486 3562 1
401 574 1
1783 1930 1
1205 1236 1
1609 1639 1
2461 2530 1
828 1243 1
2051 2057 1
2287 2764 1
841 978 1
2300 2650 1
2941 3360 1
2490 2670 1
3026 3321 1
2548 2765 1
1776 1788 1
2649 2904 1
506 1114 1
1511 1606 1
187 194 1
3356 3431 1
559 685 1
2508 2886 1
1483 1568 1
2674 2872 1
2217 2554 1
3021 3233 1
2167 2296 1
1847 2032 1
2341 2564 1
3563 3620 1
2994 3023 1
3603 3655 1
1506 1690 1
3849 3874 1
1680 1986 1
1135 1269 1
1151 1295 1
1655 1794 1
434 1365 1
2505 2798 1
539 669 1
2766 2788 1
1939 1990 1
2456 2526 1
2310 2495 1
1646 1925 1
1157 1765 1
1078 1318 1
780 1032 1
3245 3413 1
2616 2873 1
2285 2611 1
2180 2300 1
518 1370 1
2329 2747 1
25 188 1
2602 2746 1
2346 2695 1
660 698 1
72 212 1
412 1303 1
2581 2762 1
577 1319 1
365 675 1
2521 2591 1
1270 1371 1
641 1187 1
500 1053 1
2293 2728 1
2670 2687 1
614 743 1
3008 3185 1
2861 2862 1
2261 2279 1
2733 2866 1
1800 2080 1
1936 2081 1
1396 1597 1
501 1021 1
2394 2701 1
1191 1245 1
1091 1148 1
1816 2101 1
895 1302 1
2382 2674 1
107 1197 1
921 953 1
554 834 1
3579 3642 1
1243 3819 1
2319 2662 1
2974 4019 1
1157 1439 1
1177 1327 1
1427 1602 1
935 1204 1
1730 1888 1
2358 2662 1
2201 2300 1
2292 2319 1
2543 2733 1
2285 2664 1
624 818 1
694 1349 1
655 1309 1
2829 2885 1
185 274 1
1529 1980 1
1489 1542 1
3891 3999 1
1288 1300 1
88 322 1
2443 2445 1
21 325 1
2455 2471 1
1443 1709 1
531 854 1
2478 2593 1
1280 1380 1
1018 1030 1
2570 2853 1
2544 2588 1
3833 3964 1
2173 2324 1
2283 2904 1
591 1207 1
2201 2724 1
603 943 1
455 1067 1
1167 1322 1
2408 2763 1
374 1096 1
1630 2075 1
887 1188 1
2182 2875 1
569 949 1
1985 2099 1
2292 2443 1
2174 2398 1
784 1256 1
526 698 1
1616 1626 1
2492 2531 1
815 1363 1
752 1194 1
936 1044 1
399 829 1
3023 3110 1
770 1301 1
529 1344 1
3033 3107 1
3360 3426 1
1375 3561 1
2300 2861 1
2442 2810 1
2609 2828 1
3101 3363 1
2669 2798 1
843 1164 1
639 797 1
1657 1676 1
2171 2674 1
1557 1899 1
2584 2747 1
2476 2693 1
2545 2794 1
2370 2723 1
456 1318 1
1175 1289 1
2202 2645 1
2502 2617 1
578 1058 1
2181 2653 1
1882 1902 1
2446 2598 1
3360 3385 1
2324 2811 1
3009 3083 1
386 831 1
2326 2653 1
2399 2844 1
2208 2611 1
54 119 1
555 1206 1
2991 3392 1
3842 3912 1
2645 2651 1
795 910 1
944 1185 1
2585 2639 1
2657 2743 1
2341 2683 1
528 841 1
1607 1983 1
412 1315 1
928 992 1
159 320 1
444 835 1
1182 1224 1
2490 2632 1
406 484 1
412 1292 1
716 944 1
2332 2609 1
3172 3204 1
2378 2512 1
3305 3459 1
3464 3480 1
2755 2909 1
2196 2501 1
1686 2094 1
2336 2717 1
2994 3243 1
90 179 1
1080 1248 1
2719 2747 1
1072 1347 1
2338 2650 1
675 1053 1
3562 3616 1
1958 2093 1
797 1283 1
2196 2378 1
1392 1455 1
567 1072 1
810 1056 1
3145 3388 1
377 1211 1
768 974 1
3125 3309 1
929 2884 1
59 203 1
448 1337 1
2239 2467 1
1176 1182 1
2167 2317 1
455 1082 1
3748 3770 1
2262 2653 1
3221 3398 1
1678 2031 1
2449 2606 1
1672 2134 1
2295 2650 1
669 1137 1
740 1210 1
394 673 1
107 1146 1
107 385 1
690 813 1
2531 2754 1
1191 2509 1
2206 2426 1
755 939 1
1448 1623 1
1636 2117 1
841 913 1
1243 3571 1
2916 3441 1
56 213 1
1141 3762 1
665 1185 1
969 1246 1
3590 3606 1
2647 2797 1
1069 1227 1
107 422 1
2404 2537 1
1838 2117 1
1630 2081 1
740 1147 1
3507 3628 1
2499 2561 1
2217 2581 1
1010 1131 1
2184 2300 1
2370 2562 1
1083 1271 1
1779 2081 1
2300 2329 1
2389 2519 1
409 877 1
520 1285 1
440 649 1
1078 1210 1
2559 2687 1
1669 1977 1
686 1179 1
1673 1704 1
420 660 1
2167 2234 1
1318 1356 1
2617 2780 1
2218 2910 1
2634 2763 1
2201 2379 1
2314 2732 1
877 1065 1
1157 1933 1
3102 3383 1
821 1086 1
1001 1244 1
2174 2914 1
2480 2915 1
497 848 1
570 934 1
377 1088 1
107 1181 1
2240 2603 1
786 1091 1
2252 2439 1
175 177 1
1243 3732 1
2403 2810 1
2499 2880 1
1528 2084 1
435 1140 1
1756 2094 1
2184 2217 1
1618 2044 1
1334 1339 1
829 1135 1
2663 2857 1
3607 3647 1
2424 2505 1
2599 2691 1
2373 2664 1
2544 2863 1
2300 2664 1
589 1289 1
908 1172 1
2167 2429 1
1578 2111 1
1211 1365 1
1408 2054 1
2359 2855 1
663 1107 1
3105 3265 1
1390 1522 1
1696 1838 1
1480 1765 1
2230 2729 1
3595 3823 1
3656 3830 1
2242 2627 1
2182 2235 1
1160 1282 1
1735 1944 1
802 1123 1
2627 2766 1
2285 2609 1
2477 2693 1
766 1051 1
2225 2582 1
2221 2376 1
2533 2678 1
2484 2512 1
1655 2093 1
3748 3802 1
1390 1884 1
703 1074 1
2281 2380 1
2379 2733 1
1880 2010 1
2439 2625 1
1515 1715 1
2955 3440 1
2461 2861 1
2208 2333 1
999 1278 1
2228 2619 1
2733 2762 1
463 1031 1
3833 3905 1
632 204 0
641 2397 0
414 2426 0
512 1047 0
1198 2494 0
3467 1884 0
2570 94 0
496 1355 0
315 566 0
784 2970 0
1571 54 0
1849 1602 0
2556 3108 0
1972 2833 0
1200 948 0
3468 232 0
1179 3925 0
2576 2855 0
3486 1347 0
3478 144 0
3089 1145 0
2618 1221 0
2722 3647 0
908 2568 0
1038 1523 0
3175 1054 0
3600 4019 0
2208 212 0
1652 2248 0
3130 2653 0
3685 3451 0
2560 3576 0
637 2418 0
1585 2221 0
1391 601 0
3827 3278 0
1090 1969 0
599 1901 0
2502 1246 0
2748 834 0
3063 3525 0
2568 1790 0
1256 2427 0
2277 515 0
2705 1804 0
17 280 0
3594 2873 0
3481 3264 0
1442 366 0
1970 3507 0
2053 3863 0
415 444 0
3195 2034 0
832 1569 0
1409 453 0
843 2958 0
1066 2293 0
3661 1083 0
1952 92 0
3764 2567 0
172 3802 0
776 1299 0
1866 1282 0
3152 2088 0
2908 3506 0
3298 1001 0
605 934 0
2581 518 0
891 2690 0
1072 1676 0
917 3830 0
1575 828 0
1905 2274 0
2700 231 0
2588 1926 0
1070 1565 0
1334 1443 0
1224 71 0
3972 3545 0
2414 702 0
3058 1070 0
2435 1614 0
109 1338 0
2808 2691 0
411 2406 0
1777 3265 0
1244 1363 0
3829 2799 0
2409 1322 0
1600 3063 0
1782 78 0
107 1218 0
246 3964 0
1686 2814 0
2129 3628 0
2916 3521 0
1680 772 0
399 626 0
1713 225 0
1486 203 0
794 1324 0
1501 1741 0
828 3111 0
3181 357 0
1685 3356 0
188 3455 0
475 2096 0
1381 1672 0
3357 1604 0
1815 2116 0
1843 2650 0
2622 3298 0
2317 3026 0
1828 740 0
1588 1188 0
1299 3224 0
1890 591 0
2543 775 0
1867 2675 0
3163 1289 0
2514 1867 0
271 762 0
187 3966 0
810 3586 0
2646 2901 0
2791 101 0
636 3287 0
2805 1656 0
735 2244 0
1221 2287 0
39 525 0
2730 1716 0
2313 2926 0
3576 2301 0
2490 1258 0
2582 2434 0
3672 3618 0
1773 2461 0
2324 1512 0
2601 721 0
820 3055 0
2733 717 0
3479 2668 0
1681 3714 0
455 2922 0
3604 737 0
830 1193 0
1859 3345 0
1026 3474 0
189 2965 0
1147 1966 0
1001 2442 0
441 2581 0
3825 1704 0
3867 1004 0
2199 2133 0
2073 3039 0
0 3201 0
2897 2363 0
2715 2733 0
3250 3309 0
2945 3239 0
1195 1062 0
3900 3162 0
705 3163 0
2941 1031 0
1386 323 0
2530 1757 0
2595 1494 0
1111 3748 0
3501 4010 0
1489 2115 0
3614 346 0
379 3669 0
1254 440 0
1993 3434 0
2248 3865 0
365 1609 0
3715 623 0
2264 3637 0
2504 1620 0
573 3918 0
3080 1312 0
4038 1904 0
2724 1935 0
3213 406 0
90 2404 0
1925 1643 0
457 1657 0
3129 2046 0
461 184 0
1927 2261 0
3949 3440 0
2281 1111 0
3780 2900 0
2647 1177 0
3904 1902 0
2114 1189 0
2084 2589 0
480 742 0
3167 186 0
3105 2419 0
925 2614 0
497 3497 0
759 557 0
3458 1893 0
1618 3245 0
1437 2149 0
2256 379 0
343 291 0
3456 3627 0
382 1269 0
526 617 0
3905 1775 0
972 1971 0
2800 1206 0
3540 2465 0
3532 2156 0
1790 385 0
1190 3139 0
2496 1516 0
2912 1385 0
2877 3816 0
1695 795 0
2142 3342 0
3960 1471 0
757 3554 0
2659 1133 0
2666 2629 0
3380 3172 0
2539 1249 0
2907 2726 0
2934 735 0
1053 1568 0
1326 1002 0
2411 950 0
1457 2335 0
3039 2908 0
3235 841 0
2563 3992 0
2623 1648 0
1807 2652 0
3355 485 0
312 1933 0
1459 1371 0
3466 2632 0
772 1043 0
782 2548 0
2397 1945 0
1829 1782 0
3414 2396 0
617 315 0
5 2918 0
2021 1352 0
3312 3520 0
2406 2065 0
360 550 0
2227 1157 0
1533 2327 0
1206 3343 0
3859 2061 0
3970 3656 0
2516 1952 0
3145 986 0
2258 3849 0
1634 1074 0
2446 2822 0
99 663 0
389 2259 0
1308 533 0
1294 2807 0
1847 1706 0
2298 2008 0
2433 2463 0
2762 3604 0
1928 1448 0
3981 2448 0
3941 139 0
3823 738 0
1929 2060 0
2448 2174 0
2044 916 0
2650 2947 0
3997 29 0
2471 3145 0
3808 2037 0
3714 586 0
2358 2092 0
1177 1393 0
2083 3186 0
2024 2039 0
1388 2554 0
916 1356 0
1932 3912 0
2852 848 0
3055 547 0
1912 2139 0
1210 2724 0
814 3841 0
2378 665 0
529 273 0
1729 3670 0
953 3184 0
1397 1387 0
1989 2634 0
3401 713 0
896 645 0
1217 3662 0
2046 2816 0
3915 1788 0
1735 888 0
2522 1008 0
792 983 0
2198 2521 0
610 3508 0
2319 1296 0
3794 163 0
3343 3614 0
2862 1848 0
3606 2737 0
2609 1315 0
1216 2882 0
3455 2217 0
865 2279 0
1709 1779 0
3919 1325 0
979 1165 0
1298 792 0
2250 3824 0
2372 1641 0
2954 2393 0
1733 761 0
265 1881 0
2693 1485 0
1983 705 0
520 1561 0
1045 2312 0
477 1395 0
2380 3954 0
1154 3313 0
3545 1524 0
3262 2639 0
435 3181 0
1076 2939 0
574 1217 0
156 2391 0
1325 1015 0
122 1802 0
1509 2019 0
1987 1209 0
557 1776 0
29 1210 0
1080 2168 0
2072 414 0
178 3385 0
3091 3613 0
482 1997 0
1793 290 0
2885 1929 0
626 1539 0
555 2055 0
677 1093 0
401 224 0
3862 1405 0
2266 1623 0
1039 3480 0
1805 502 0
680 1908 0
2434 1370 0
1871 831 0
974 2831 0
440 2670 0
1227 3189 0
750 2808 0
508 25 0
3170 2286 0
3583 2495 0
589 3616 0
1658 1838 0
3269 2201 0
3001 2412 0
2219 1061 0
643 1326 0
93 2208 0
1360 2605 0
3093 166 0
2960 2542 0
1717 1823 0
3390 806 0
1603 3115 0
1000 1735 0
624 1794 0
1744 3509 0
1032 79 0
390 672 0
3233 2172 0
762 2027 0
1352 991 0
3563 1143 0
783 2420 0
779 3402 0
1082 2867 0
179 495 0
494 2057 0
2799 1675 0
710 958 0
1776 1849 0
2141 155 0
2807 1892 0
996 2028 0
322 4038 0
3865 549 0
721 173 0
2557 1649 0
524 39 0
1406 923 0
167 2203 0
352 0 0
801 1846 0
3625 1751 0
3544 2923 0
2672 16 0
1963 3643 0
2844 1875 0
2285 1724 0
2127 2186 0
216 1082 0
3662 2159 0
3113 535 0
2303 3153 0
1345 526 0
990 1829 0
3307 3152 0
2167 2528 0
1018 1038 0
2463 1687 0
2023 793 0
1309 2078 0
131 2227 0
20 2015 0
1281 1327 0
775 960 0
377 3969 0
1095 2611 0
1650 3100 0
653 2837 0
85 729 0
3067 3129 0
2665 476 0
2342 1801 0
2508 216 0
2848 3746 0
1036 1698 0
663 3355 0
57 2828 0
2422 3550 0
578 2504 0
1354 3316 0
308 1727 0
1676 1388 0
2994 1466 0
2947 2756 0
1189 1313 0
3135 2280 0
2299 2934 0
2829 925 0
1862 676 0
1673 1457 0
3831 3012 0
1523 354 0
3345 3763 0
2874 1531 0
1030 1502 0
3596 2454 0
1914 2618 0
2051 3732 0
1441 1537 0
3413 655 0
16 2647 0
1942 1566 0
531 3137 0
864 2341 0
839 743 0
3812 2622 0
707 583 0
718 2522 0
2368 962 0
3409 952 0
272 2563 0
1926 1934 0
3305 1057 0
3805 3872 0
1716 1390 0
542 756 0
991 844 0
937 3089 0
72 2723 0
3274 1113 0
449 37 0
3739 2433 0
2461 2399 0
2766 872 0
1139 1808 0
350 1266 0
2014 2214 0
2513 660 0
2242 398 0
2532 2994 0
2312 2370 0
1084 2428 0
177 2685 0
196 3882 0
2624 1972 0
2457 994 0
3280 41 0
1687 1967 0
571 1793 0
2062 1281 0
3445 455 0
715 3005 0
2701 2674 0
2611 65 0
3386 2300 0
2698 2957 0
418 2283 0
450 2577 0
436 2884 0
1291 1768 0
2495 2210 0
3352 1654 0
1808 5 0
3946 3035 0
3902 1000 0
2901 3540 0
2039 3985 0
3008 2056 0
1726 1348 0
3750 2768 0
2914 3419 0
3647 3106 0
752 3835 0
1737 1204 0
604 1135 0
2453 389 0
741 175 0
1192 342 0
406 2354 0
2483 2764 0
348 187 0
127 3735 0
685 653 0
2768 158 0
768 759 0
1977 169 0
2499 746 0
1393 1262 0
2395 1486 0
1648 1381 0
2606 1717 0
1134 3977 0
2750 285 0
2147 2260 0
1604 1492 0
487 113 0
2810 1286 0
1846 3679 0
1295 683 0
2424 3828 0
2080 3596 0
2377 1703 0
2785 2706 0
484 2552 0
3073 2303 0
3419 865 0
2196 421 0
3188 167 0
702 3626 0
1353 1905 0
2492 1713 0
1511 2410 0
1950 3781 0
840 3842 0
2631 3783 0
2985 3447 0
303 2081 0
3990 1958 0
2387 2654 0
3363 2631 0
3538 2875 0
3924 2254 0
1495 1137 0
3522 177 0
1462 1640 0
3679 2740 0
2478 3567 0
2775 936 0
553 1398 0
836 1507 0
3801 1557 0
2443 829 0
2999 1360 0
2723 3812 0
1494 1726 0
1657 188 0
2566 1707 0
620 1570 0
1020 590 0
1006 2235 0
184 2405 0
989 2734 0
1838 1408 0
2995 1309 0
1783 3023 0
884 1954 0
689 1658 0
1741 393 0
2476 3717 0
1955 3519 0
885 1912 0
2211 924 0
628 585 0
2890 2844 0
1131 815 0
1492 2230 0
2801 2865 0
3053 3021 0
673 2358 0
2729 1126 0
824 1254 0
3264 1841 0
534 2436 0
2328 3380 0
956 313 0
1012 3639 0
872 1453 0
2845 3087 0
686 2106 0
1158 689 0
2275 3873 0
1297 429 0
3097 3485 0
1544 2198 0
3125 3784 0
2668 2791 0
2041 944 0
791 2398 0
3034 2583 0
331 2306 0
1276 1585 0
3306 3484 0
1485 3801 0
21 3904 0
194 1146 0
3819 1674 0
2217 2793 0
323 1349 0
2139 2781 0
1140 1242 0
2866 2874 0
2915 1616 0
1056 3058 0
2975 1556 0
992 1163 0
3992 2281 0
1933 3392 0
2436 3388 0
1161 2080 0
2294 3518 0
2607 3533 0
448 835 0
1904 3037 0
3521 3745 0
3144 408 0
1180 2701 0
452 3825 0
928 1250 0
960 1580 0
1949 3226 0
2863 1870 0
1827 3049 0
2958 970 0
59 3997 0
3766 2526 0
3804 1783 0
1595 3116 0
204 503 0
4 2384 0
539 1832 0
1239 1678 0
3527 1932 0
564 1092 0
372 1264 0
149 1618 0
3110 1731 0
1145 1778 0
1114 1780 0
2375 1012 0
2667 3594 0
3774 3386 0
590 4 0
548 791 0
1461 1005 0
3730 3607 0
1453 2490 0
3242 877 0
950 1644 0
2776 3078 0
2085 1162 0
842 3951 0
945 3467 0
2002 2376 0
2169 1752 0
1181 2527 0
562 2130 0
2831 691 0
3618 2033 0
3642 501 0
3020 1068 0
2426 1033 0
851 2475 0
1107 575 0
1740 1403 0
1044 3193 0
2157 2555 0
3012 563 0
549 95 0
3488 2292 0
3918 2043 0
1062 1661 0
3632 3562 0
2278 2857 0
3802 2002 0
3643 333 0
2116 574 0
3761 896 0
425 2444 0
717 2054 0
1005 2792 0
612 2211 0
2598 3014 0
596 782 0
3567 3927 0
1370 837 0
1507 1787 0
994 1139 0
2475 2313 0
3051 1287 0
3895 246 0
2818 1610 0
1881 2107 0
3316 1781 0
1058 845 0
64 2026 0
3023 2241 0
1573 1990 0
1607 570 0
807 3994 0
155 2533 0
1943 3262 0
3035 2657 0
1798 2256 0
1104 506 0
1315 2641 0
1610 2992 0
1967 1244 0
2115 1468 0
4019 910 0
1875 1058 0
1937 3006 0
3338 1225 0
2638 3762 0
1986 842 0
3101 3099 0
423 3795 0
2322 435 0
1466 2869 0
1531 3579 0
3599 2986 0
195 3620 0
3971 798 0
1569 251 0
1074 1669 0
1670 685 0
3415 6 0
2297 628 0
9 2266 0
139 2194 0
1516 2059 0
2957 2996 0
1002 3250 0
499 3441 0
1163 1260 0
374 2242 0
3916 581 0
1178 982 0
785 121 0
944 1746 0
2751 3208 0
3193 2108 0
3648 1953 0
2220 2458 0
2626 3242 0
901 1930 0
1106 2705 0
2639 449 0
3777 2234 0
3108 635 0
186 3898 0
3609 3694 0
94 3372 0
1753 31 0
983 2379 0
973 405 0
2189 1461 0
585 2616 0
2674 1989 0
3173 904 0
1150 1936 0
1944 3993 0
1151 773 0
2992 2296 0
2008 2375 0
1199 1681 0
1724 1815 0
1449 857 0
2186 2780 0
965 2025 0
31 1153 0
493 2719 0
3721 1081 0
2671 524 0
2040 471 0
2590 24 0
1472 1911 0
1218 639 0
3578 3409 0
559 3809 0
23 3661 0
1075 120 0
2431 2975 0
3552 2310 0
1638 1127 0
1081 2945 0
922 142 0
2185 1462 0
506 995 0
560 2886 0
639 2717 0
1718 1968 0
2740 1773 0
1525 913 0
3626 2178 0
1209 1272 0
697 2916 0
3842 3403 0
3226 2739 0
1786 3894 0
394 885 0
2645 364 0
1621 1923 0
1432 520 0
1499 519 0
2074 3646 0
2123 548 0
1625 2788 0
2942 1630 0
2048 757 0
444 3895 0
2922 748 0
2122 1740 0
2031 2578 0
2855 1205 0
648 178 0
1897 3020 0
485 1427 0
434 1109 0
1643 949 0
432 2173 0
1455 771 0
1591 3167 0
2587 390 0
2670 2532 0
492 1598 0
422 576 0
584 1830 0
743 1056 0
1722 2746 0
3595 1042 0
398 3877 0
2427 3160 0
1162 3672 0
1125 463 0
412 1216 0
3925 3456 0
3217 711 0
2026 3269 0
3392 1667 0
1073 706 0
2092 978 0
934 2225 0
2965 1458 0
2869 1248 0
1731 2878 0
863 403 0
1223 2333 0
3026 1160 0
1990 2722 0
3769 3277 0
1448 3407 0
770 3926 0
3767 2117 0
2654 3844 0
727 2496 0
3664 820 0
175 1239 0
1434 3874 0
771 931 0
2442 1007 0
535 3000 0
943 3930 0
2822 1084 0
2989 1259 0
3473 1558 0
3245 1432 0
3315 679 0
1241 889 0
1534 1152 0
2225 3817 0
1803 1636 0
142 2787 0
3472 1943 0
313 1098 0
2238 3125 0
890 1158 0
1908 2218 0
3913 1763 0
621 2872 0
3118 3800 0
1909 1817 0
3542 2175 0
672 1040 0
1898 1777 0
675 741 0
769 646 0
800 656 0
760 372 0
1550 447 0
2986 3383 0
2257 1559 0
1985 1859 0
2113 1696 0
3087 512 0
2386 2288 0
2599 416 0
1047 277 0
2487 1482 0
1785 1090 0
566 703 0
144 2181 0
533 1375 0
252 2136 0
1258 107 0
393 2897 0
1934 493 0
2309 3504 0
694 3884 0
511 1666 0
3616 3135 0
2764 1885 0
2307 2557 0
630 3094 0
1901 1886 0
719 3960 0
3762 669 0
3036 2870 0
2029 2024 0
812 3715 0
3870 1288 0
427 2763 0
3059 2805 0
523 3530 0
528 1588 0
2234 1200 0
1091 929 0
2527 248 0
2744 2502 0
1262 1283 0
95 680 0
2840 434 0
1577 3177 0
1175 900 0
2136 1977 0
3197 652 0
1031 3753 0
2793 436 0
3451 1626 0
1719 504 0
2305 917 0
2873 2530 0
3278 3374 0
2658 2942 0
1642 1298 0
1962 1075 0
2456 456 0
2870 2077 0
966 1983 0
2858 673 0
4017 1411 0
420 1593 0
1275 2343 0
280 2804 0
1602 320 0
1700 2040 0
1563 640 0
3883 584 0
749 2856 0
273 179 0
638 2329 0
54 2157 0
1384 2535 0
2388 358 0
330 1534 0
2300 3415 0
2260 2378 0
999 2727 0
2367 1734 0
45 1052 0
1176 1511 0
3582 637 0
2843 2587 0
214 1455 0
1510 3552 0
2695 3970 0
2384 2193 0
2974 508 0
2019 2466 0
3241 2745 0
2206 3684 0
2771 1497 0
1661 1976 0
1338 1924 0
3047 803 0
1105 2121 0
136 3059 0
3464 1439 0
2333 64 0
3309 151 0
1153 1079 0
2551 3513 0
1727 3061 0
1127 1140 0
941 417 0
1704 2991 0
905 1446 0
2990 20 0
3033 603 0
644 3961 0
3533 1931 0
2617 2278 0
2033 3653 0
3793 3501 0
1319 860 0
1696 2219 0
3587 747 0
1478 973 0
2739 2620 0
1207 1956 0
2221 3093 0
2464 1694 0
3177 1009 0
2861 1890 0
2470 404 0
868 1419 0
1344 641 0
1870 3404 0
656 334 0
2583 1876 0
2370 450 0
1167 2297 0
1203 2309 0
227 195 0
231 67 0
2353 1982 0
433 1712 0
2580 1144 0
2359 500 0
2481 560 0
3106 3468 0
2341 2387 0
687 851 0
1362 2424 0
1408 3254 0
2918 85 0
2336 1562 0
295 624 0
2163 331 0
1597 739 0
1300 3883 0
2130 84 0
3421 1603 0
3475 106 0
1375 3829 0
1059 2836 0
823 2829 0
467 3179 0
1630 3091 0
369 1051 0
84 1695 0
1395 3213 0
841 1939 0
3403 608 0
2567 1115 0
1115 607 0
115 1733 0
181 1203 0
1468 2748 0
2145 1114 0
1202 487 0
1121 3901 0
3735 1319 0
2403 3852 0
3203 308 0
3835 2509 0
2737 3905 0
2293 401 0
980 3175 0
3844 2757 0
2187 3273 0
2318 2456 0
568 2308 0
1245 2189 0
3717 1161 0
3688 1235 0
2857 3107 0
1646 2858 0
2702 1018 0
2708 1353 0
2541 2032 0
2894 855 0
1446 347 0
1156 1612 0
3094 1445 0
1004 131 0
3751 765 0
561 1951 0
2644 1176 0
806 2904 0
358 3203 0
545 536 0
3454 2732 0
2101 1292 0
967 647 0
3184 2728 0
1609 3666 0
1211 1391 0
1802 149 0
1556 1480 0
1845 776 0
1126 127 0
3655 3761 0
1879 824 0
463 870 0
55 2754 0
932 3283 0
1894 2481 0
2047 928 0
3066 1495 0
1779 1529 0
1009 880 0
2887 1046 0
6 45 0
1067 3086 0
713 2562 0
1365 1595 0
751 1600 0
2371 3361 0
904 480 0
73 2815 0
133 1226 0
1278 2388 0
3183 1700 0
3860 365 0
66 2044 0
1755 72 0
1930 2845 0
3508 755 0
1359 2513 0
86 2220 0
1188 330 0
3528 1809 0
495 567 0
3239 115 0
119 340 0
1669 1991 0
3000 1394 0
2282 1896 0
3484 3854 0
1222 1112 0
3504 1342 0
1421 3591 0
2518 1345 0
2311 2257 0
2444 3561 0
813 2990 0
1430 3500 0
466 1073 0
3136 675 0
2204 1240 0
880 1344 0
3509 3860 0
995 448 0
212 905 0
1619 3082 0
2069 992 0
2149 1525 0
2673 3363 0
1636 2367 0
1662 68 0
3621 1784 0
695 2529 0
2364 3305 0
3875 1987 0
2547 2899 0
1242 2601 0
3863 3173 0
80 2518 0
563 3864 0
3674 2895 0
2577 2443 0
1940 2846 0
798 2164 0
2376 2010 0
1204 3529 0
738 2718 0
567 2537 0
403 2743 0
3740 419 0
3628 2649 0
1008 337 0
1705 2400 0
3005 1271 0
1444 701 0
793 99 0
2482 3051 0
2664 2271 0
409 935 0
2193 1578 0
2330 1442 0
1794 3486 0
1313 1826 0
3038 901 0
808 3439 0
1578 621 0
4016 3531 0
2365 1819 0
1857 1214 0
1730 3062 0
3833 863 0
860 2595 0
690 1095 0
2763 88 0
3852 1267 0
3561 559 0
3554 2014 0
2107 1979 0
1612 662 0
1380 3794 0
2794 411 0
837 599 0
3180 1044 0
1640 1719 0
3083 2185 0
404 1196 0
87 981 0
458 1980 0
2102 2477 0
1931 272 0
1108 2566 0
2675 2516 0
405 1705 0
1593 2910 0
1675 304 0
2059 2102 0
2899 3527 0
2230 1949 0
3891 2538 0
3361 840 0
347 350 0
2756 2885 0
2803 3891 0
3613 2684 0
388 2074 0
658 3449 0
554 2435 0
2833 2673 0
3590 1285 0
1694 801 0
3069 159 0
2537 392 0
1978 1294 0
1363 2488 0
3497 377 0
384 438 0
733 638 0
1118 1847 0
986 1346 0
2180 833 0
822 1730 0
536 3188 0
2174 2667 0
337 807 0
3991 2402 0
1707 1785 0
185 2849 0
2902 979 0
803 2861 0
532 2834 0
2410 650 0
2056 999 0
765 2862 0
1800 797 0
1757 1962 0
3816 2499 0
2314 3414 0
3770 3081 0
421 2802 0
3252 345 0
1706 2967 0
3976 3916 0
470 3241 0
2895 882 0
856 2053 0
2678 3306 0
2743 3600 0
3208 1647 0
2171 3490 0
173 1256 0
1445 1882 0
392 1831 0
2561 611 0
1280 1278 0
3543 922 0
2408 423 0
1342 3118 0
2867 469 0
1714 9 0
1690 1538 0
3430 3469 0
1561 1828 0
790 2600 0
2718 2021 0
1758 2285 0
848 2893 0
3736 636 0
3040 2664 0
1099 2275 0
1069 2775 0
373 2472 0
2233 2948 0
838 2642 0
1320 821 0
2687 1683 0
1502 3615 0
2006 719 0
2613 1190 0
3308 1601 0
2636 707 0
3082 553 0
739 2187 0
111 2323 0
1732 1198 0
646 2853 0
3620 2470 0
968 1528 0
121 1477 0
24 649 0
3586 1150 0
3639 3605 0
3389 1837 0
746 427 0
3204 1382 0
2641 1714 0
3591 843 0
1193 2457 0
961 1738 0
274 1320 0
516 2512 0
583 3067 0
113 2122 0
3360 1384 0
2326 988 0
2338 2206 0
1551 3110 0
2445 2669 0
2383 21 0
3185 122 0
2210 3946 0
870 62 0
1548 2325 0
1810 1577 0
1899 3421 0
2337 3543 0
1781 3902 0
2828 2368 0
2787 854 0
1539 2366 0
1601 2455 0
1410 3389 0
1137 3924 0
3511 299 0
251 2429 0
1374 3999 0
1721 947 0
598 3528 0
3225 1938 0
1907 2250 0
2970 1850 0
1079 1416 0
1311 554 0
3031 3751 0
3254 384 0
1763 2966 0
2881 614 0
62 3475 0
2345 2508 0
3975 1621 0
1250 1928 0
1141 2955 0
2886 1452 0
3127 897 0
2732 1715 0
3571 2094 0
855 864 0
2900 1397 0
931 2041 0
2295 1515 0
2533 2914 0
1078 1619 0
2767 2421 0
1772 2800 0
1738 2523 0
977 1091 0
2913 1053 0
1130 3870 0
1558 3503 0
1524 2608 0
1626 181 0
1324 2693 0
1580 876 0
579 1812 0
1165 2180 0
649 23 0
472 1014 0
3490 1088 0
3607 2386 0
2578 3408 0
3615 1410 0
3537 3183 0
2719 856 0
1087 302 0
3653 1418 0
1042 1335 0
2405 227 0
2332 1551 0
866 727 0
1896 2414 0
1292 1301 0
1482 2277 0
1806 1425 0
3519 1722 0
998 3943 0
299 632 0
924 461 0
900 687 0
2579 2590 0
1831 2483 0
2458 1180 0
2392 2195 0
2634 2478 0
2050 2467 0
1515 1862 0
2467 2576 0
1071 3252 0
3480 2556 0
2117 2586 0
2802 879 0
25 116 0
674 2364 0
519 3312 0
1103 3747 0
988 3096 0
981 1986 0
2759 1280 0
3503 2902 0
120 3452 0
4010 2715 0
1865 2294 0
2061 2338 0
2813 2238 0
2884 1406 0
1639 3075 0
1040 3127 0
1703 1533 0
969 2801 0
1754 1265 0
1814 496 0
1557 1065 0
936 3346 0
2836 3538 0
2780 814 0
3882 941 0
3513 768 0
888 2346 0
522 2809 0
1307 348 0
1266 2848 0
895 295 0
1512 2307 0
899 3638 0
3592 57 0
1086 3138 0
1968 2350 0
213 2806 0
2164 1321 0
2382 3387 0
3111 3445 0
3334 826 0
3189 3225 0
3558 2337 0
1196 2258 0
1911 1907 0
2381 2336 0
1452 542 0
3325 2299 0
2531 2202 0
3137 412 0
2976 2663 0
2306 2212 0
1816 1231 0
48 2843 0
1048 467 0
2879 1871 0
2121 3571 0
2418 3249 0
788 2290 0
1688 2356 0
2716 932 0
2625 2859 0
88 838 0
1954 3774 0
2586 2249 0
2521 1581 0
1483 2305 0
3090 3808 0
1133 1103 0
2620 3793 0
3569 2810 0
3520 1118 0
2296 1311 0
2964 1499 0
3783 1899 0
547 478 0
2559 1978 0
2077 779 0
799 332 0
2455 2852 0
3899 2233 0
629 3779 0
2146 3008 0
2651 2317 0
2753 2626 0
1327 561 0
2244 2640 0
78 2747 0
1382 2840 0
3506 1925 0
3186 2347 0
1394 3133 0
2484 3247 0
68 551 0
1734 1880 0
2419 1634 0
2194 766 0
2550 2544 0
835 1211 0
2440 3473 0
2290 1765 0
1623 1872 0
826 2489 0
3050 1396 0
734 3575 0
297 1026 0
2363 2365 0
623 731 0
3746 531 0
2525 1224 0
538 921 0
3518 1750 0
742 883 0
3404 1756 0
1743 1045 0
1264 1147 0
2315 786 0
3249 1606 0
1882 87 0
3116 3050 0
3849 1564 0
26 1642 0
1288 1208 0
3426 2928 0
1346 2646 0
2728 1104 0
1263 1185 0
676 271 0
3657 3780 0
2489 1434 0
2872 1187 0
2274 2648 0
1403 1274 0
3627 2383 0
711 2651 0
2065 3655 0
550 2501 0
2597 3859 0
2283 2713 0
1872 3664 0
3951 1743 0
3218 823 0
2111 2960 0
1784 2644 0
3441 1575 0
1034 3592 0
2477 794 0
3961 2619 0
3940 3804 0
118 492 0
2621 2964 0
1144 1995 0
2156 3981 0
3408 3771 0
2600 2819 0
1759 3280 0
2837 2683 0
1003 2666 0
285 3324 0
2412 869 0
2057 985 0
2292 796 0
2112 1105 0
1321 367 0
2214 577 0
2325 2627 0
1231 887 0
3901 3915 0
2369 3956 0
1834 1652 0
2454 2311 0
3748 2607 0
1286 1270 0
1997 3410 0
740 2051 0
2691 2598 0
2757 2184 0
1033 1156 0
1187 1963 0
342 152 0
2603 3558 0
1396 2071 0
3779 3536 0
3868 2894 0
232 1341 0
2428 1233 0
2841 3566 0
3956 2048 0
478 2431 0
2804 1096 0
3929 2298 0
1061 1154 0
1884 1467 0
3410 2129 0
2755 2487 0
451 3217 0
410 734 0
2420 953 0
2078 3827 0
1991 399 0
1318 2881 0
2346 2636 0
1194 3740 0
2788 710 0
1347 3880 0
2538 1744 0
2015 2095 0
962 3426 0
2108 1501 0
302 1460 0
2279 2403 0
1259 312 0
3666 852 0
1850 3875 0
2816 1898 0
2657 3144 0
1098 693 0
1142 1635 0
1592 499 0
3579 1792 0
3287 82 0
655 1541 0
2195 1071 0
857 571 0
1243 3090 0
1674 378 0
821 3764 0
3172 690 0
2774 3136 0
591 4016 0
1564 3974 0
2096 1164 0
2034 785 0
1886 4001 0
1712 494 0
1102 3472 0
1368 1803 0
169 2720 0
2357 2295 0
3745 2357 0
2849 1212 0
569 3542 0
2203 457 0
3517 3126 0
3265 2888 0
2747 3073 0
1541 1100 0
831 2200 0
378 1392 0
2564 1510 0
3381 3590 0
2396 2744 0
2746 2476 0
1467 1099 0
2110 1993 0
2004 3990 0
1010 2999 0
239 718 0
958 2505 0
445 1721 0
1477 1718 0
1885 465 0
2935 2678 0
4001 213 0
1780 3197 0
2542 3587 0
2184 1437 0
1348 1362 0
2991 185 0
320 2603 0
2462 2871 0
1655 2643 0
3930 2328 0
947 156 0
3099 3156 0
4023 605 0
1651 297 0
570 751 0
2252 871 0
82 2302 0
3321 3083 0
1817 781 0
2235 630 0
170 629 0
603 3868 0
761 306 0
3398 1548 0
3500 2755 0
473 415 0
3247 3625 0
2589 1141 0
647 2543 0
3324 612 0
2473 1754 0
2391 911 0
2212 3481 0
79 2582 0
2931 2322 0
3140 2599 0
1976 3211 0
2608 3482 0
2086 2408 0
2689 402 0
3864 2439 0
447 974 0
2178 2751 0
2688 109 0
2218 1087 0
1528 1638 0
2690 2716 0
1529 3038 0
521 545 0
1336 1361 0
2104 3517 0
2394 534 0
1411 3537 0
753 2126 0
1980 511 0
1405 2023 0
1982 589 0
2548 2382 0
3115 123 0
1841 972 0
773 118 0
116 538 0
2685 360 0
2731 2989 0
1274 2645 0
3282 2979 0
3943 1072 0
1915 2794 0
2555 1843 0
2795 3648 0
501 2446 0
778 2086 0
3952 2671 0
503 1709 0
2898 1459 0
3910 2101 0
3139 2047 0
3387 59 0
1888 1493 0
818 1484 0
1322 252 0
3732 3334 0
1390 770 0
3784 1917 0
1536 1625 0
1337 2315 0
939 1729 0
2534 2226 0
1775 2239 0
2544 891 0
3086 2084 0
1460 1179 0
2362 1049 0
2399 3919 0
913 2658 0
345 875 0
1471 715 0
2067 2665 0
3843 1563 0
1235 836 0
2939 2273 0
2400 1472 0
2093 3577 0
1089 1227 0
3880 528 0
152 866 0
367 667 0
481 3031 0
2846 3986 0
614 1148 0
706 695 0
2480 1078 0
1764 2584 0
3162 2551 0
3800 53 0
1562 966 0
4014 658 0
3006 616 0
306 196 0
3969 3606 0
2262 1124 0
3169 2171 0
2347 2864 0
1065 2142 0
101 1470 0
2669 996 0
2509 3712 0
3964 56 0
1765 3321 0
3623 1845 0
159 433 0
515 918 0
3138 615 0
1279 189 0
2720 3975 0
1096 3130 0
3407 2141 0
611 1574 0
1343 1374 0
1249 3001 0
1677 1723 0
2713 3971 0
2632 2588 0
2037 2976 0
1801 3180 0
2717 1680 0
2352 2662 0
1614 1383 0
1341 661 0
3577 2145 0
1271 790 0
1778 3360 0
2175 868 0
3927 1131 0
3447 2319 0
802 2075 0
2979 2698 0
1497 1291 0
756 1914 0
889 1006 0
364 3657 0
1935 1086 0
2466 780 0
2223 2120 0
3575 802 0
1938 3443 0
1383 3831 0
2075 1758 0
1160 48 0
1747 529 0
3994 3730 0
385 3308 0
1100 2099 0
2745 1544 0
2574 1888 0
1964 3659 0
3638 3952 0
471 808 0
163 2482 0
1566 382 0
3763 1816 0
766 451 0
1427 202 0
2348 3823 0
1645 1108 0
1570 2547 0
1164 1304 0
325 2613 0
1804 2847 0
1376 812 0
2662 2473 0
1124 521 0
2239 769 0
1014 1483 0
645 1798 0
1355 3685 0
2011 753 0
3977 1024 0
1506 3609 0
797 3514 0
3781 2591 0
346 2264 0
3107 214 0
3021 3972 0
1212 388 0
1596 2742 0
3982 14 0
3179 2440 0
453 943 0
3211 3105 0
1015 3585 0
575 3034 0
2190 325 0
1228 17 0
2819 2255 0
3906 2445 0
2081 1232 0
3313 2594 0
883 1358 0
224 2182 0
3993 2381 0
1270 1167 0
65 1639 0
1656 2531 0
833 3511 0
3366 2659 0
1994 3315 0
1654 1964 0
1219 3027 0
2871 473 0
2339 1879 0
3926 1506 0
1112 137 0
1371 1039 0
1749 3563 0
1480 813 0
1892 1243 0
3372 3102 0
3771 458 0
1157 1522 0
354 1897 0
2653 1195 0
729 2672 0
3694 3906 0
3133 3430 0
1768 2688 0
1361 432 0
3474 2228 0
3874 1191 0
371 2593 0
525 2304 0
684 2818 0
417 2561 0
277 2104 0
1951 818 0
1051 1336 0
1787 1130 0
3201 2146 0
1902 3995 0
446 895 0
476 937 0
1835 1747 0
3205 3276 0
616 1263 0
3562 2371 0
2640 1536 0
1037 2700 0
3374 804 0
910 2729 0
318 3980 0
334 2765 0
2853 3488 0
3452 588 0
1493 1236 0
2106 3009 0
1387 1844 0
2734 2985 0
465 1334 0
3974 3573 0
1936 3739 0
3669 573 0
3966 2541 0
2684 2597 0
3209 1662 0
1844 3243 0
3525 281 0
3507 752 0
1416 3522 0
456 2492 0
2060 2795 0
3439 3899 0
2878 539 0
2254 2252 0
3122 1608 0
1335 3459 0
3100 3047 0
2921 2708 0
3670 873 0
2168 1937 0
2594 2453 0
1068 3097 0
1672 3551 0
2390 430 0
669 1275 0
923 2762 0
3798 2880 0
1007 1755 0
737 1807 0
1723 466 0
650 532 0
745 1509 0
1809 1810 0
3131 2422 0
3096 1800 0
2379 745 0
2765 2766 0
1484 3131 0
2605 3767 0
3283 1032 0
652 3033 0
2967 3833 0
2043 3651 0
1966 886 0
3062 965 0
731 2314 0
14 1749 0
3385 3645 0
829 2898 0
3824 3221 0
786 3185 0
1277 961 0
2535 1573 0
795 3338 0
1060 2545 0
2172 1835 0
970 2069 0
3342 1207 0
2094 1297 0
366 1021 0
1876 697 0
1689 3769 0
3651 3218 0
2201 800 0
1423 684 0
1385 329 0
2602 352 0
1312 1080 0
882 1857 0
1788 1542 0
1880 3122 0
3854 2479 0
3027 2113 0
2468 677 0
1826 2223 0
732 1368 0
3065 2207 0
2421 1308 0
1246 3582 0
2512 2377 0
2350 4014 0
1197 939 0
56 1759 0
3580 2011 0
518 699 0
1565 2574 0
2249 3595 0
339 3893 0
2519 1151 0
691 371 0
430 3282 0
1172 3204 0
3443 2730 0
2859 2887 0
2948 1685 0
1538 1688 0
3645 1422 0
3995 3274 0
2010 3622 0
2742 1175 0
1617 2689 0
912 698 0
166 1645 0
2663 2774 0
2616 2879 0
71 1307 0
1152 564 0
1678 569 0
2847 968 0
2027 1199 0
291 2519 0
869 1476 0
1830 322 0
1023 3113 0
679 3621 0
3485 648 0
3810 2348 0
3898 1856 0
3656 1629 0
248 2702 0
3551 1365 0
92 1354 0
1792 420 0
3622 2750 0
1214 998 0
3999 274 0
1715 1617 0
2526 1182 0
1358 555 0
2416 26 0
1766 1318 0
2095 2890 0
1956 2240 0
661 73 0
1049 3867 0
357 1106 0
935 2907 0
873 1944 0
333 1732 0
683 862 0
2354 3642 0
852 1423 0
202 3544 0
2465 2114 0
1088 579 0
3530 2085 0
3331 2380 0
329 2163 0
1301 3968 0
151 1670 0
1752 194 0
1647 2411 0
2523 3352 0
1945 1003 0
3884 3072 0
1392 422 0
576 374 0
2955 318 0
1272 527 0
2562 1215 0
1092 2134 0
1248 956 0
2159 2110 0
1283 1444 0
130 2830 0
1191 2560 0
2304 86 0
2302 1927 0
3061 2359 0
2882 830 0
2228 694 0
3603 3398 0
667 1245 0
3676 2029 0
3585 1591 0
3155 2771 0
693 1048 0
853 2395 0
1287 3940 0
3637 481 0
3402 2915 0
3221 1107 0
1893 1550 0
2373 2841 0
290 3209 0
1491 446 0
2438 3357 0
2134 2331 0
2240 2625 0
1620 2050 0
2811 3235 0
3469 2687 0
500 170 0
2545 587 0
2241 1421 0
2276 1909 0
3275 2525 0
1398 1181 0
1443 3036 0
2310 604 0
1083 3366 0
386 822 0
2798 783 0
408 799 0
586 732 0
1598 890 0
2209 578 0
2501 1689 0
3037 2282 0
2255 93 0
2549 1192 0
985 3066 0
1666 839 0
2910 2352 0
3049 3750 0
920 980 0
2880 2330 0
948 1592 0
2042 1197 0
2652 2362 0
3075 1915 0
1349 2389 0
660 2067 0
2126 1489 0
1637 832 0
2727 1607 0
1435 2753 0
137 733 0
3546 884 0
2830 1202 0
1659 1686 0
3659 3331 0
2055 2127 0
3828 2006 0
2909 2276 0
1225 1372 0
2301 3632 0
1641 1478 0
332 3479 0
2331 2912 0
929 610 0
668 2514 0
117 1950 0
2928 1596 0
1296 2471 0
2280 1942 0
587 784 0
340 3949 0
3459 3976 0
3954 969 0
978 3333 0
225 3390 0
3383 2144 0
2792 912 0
2814 1241 0
2797 1020 0
2389 3676 0
3903 3413 0
1644 2695 0
1054 1172 0
982 644 0
3434 3991 0
2402 2797 0
2875 2196 0
1579 945 0
3529 410 0
1265 3478 0
2099 3169 0
3276 1646 0
1649 1277 0
2133 2731 0
2393 2609 0
1267 1300 0
429 2484 0
699 472 0
796 1060 0
1439 2480 0
1185 2580 0
1513 230 0
1819 2167 0
1812 3612 0
1667 1228 0
2182 3910 0
2271 3862 0
2273 3080 0
1260 1655 0
2726 1376 0
3605 1994 0
2926 2921 0
2554 2941 0
2593 1677 0
2529 2209 0
1476 686 0
2284 475 0
1683 1302 0
3243 343 0
2864 484 0
3841 368 0
1236 3155 0
780 1753 0
527 3580 0
2054 2004 0
2181 2935 0
1233 2042 0
2642 3195 0
2329 2761 0
2308 3401 0
2200 2468 0
1093 452 0
1285 55 0
3014 989 0
635 172 0
2627 1067 0
871 562 0
2449 1579 0
1057 1359 0
2202 66 0
67 760 0
2706 1123 0
1240 1827 0
1756 418 0
1939 1194 0
781 3777 0
952 2803 0
2923 339 0
748 477 0
747 1337 0
3531 2621 0
3160 117 0
502 3532 0
2552 2345 0
918 1276 0
886 2464 0
438 1894 0
862 1786 0
2327 2913 0
3009 3941 0
2585 133 0
1215 1125 0
3566 2909 0
2356 2372 0
1995 2559 0
3968 111 0
1823 303 0
3550 2332 0
1542 1295 0
2761 977 0
2856 3053 0
1418 80 0
2981 2204 0
552 668 0
504 265 0
1837 3688 0
3684 2342 0
1635 2623 0
1135 1597 0
1971 3599 0
2472 788 0
1282 1094 0
1559 1380 0
1046 1142 0
2643 1673 0
2144 1069 0
2088 908 0
2505 1820 0
3795 716 0
3346 2073 0
1182 778 0
1479 2931 0
897 1772 0
2888 3805 0
2025 3736 0
1148 2759 0
3356 1805 0
2028 1985 0
3333 3069 0
1958 2570 0
2479 3325 0
1372 2112 0
1537 3623 0
3646 2539 0
3081 1023 0
588 3819 0
755 596 0
37 136 0
106 1806 0
2404 2339 0
2032 2409 0
3482 674 0
1257 2462 0
3072 1089 0
1024 4017 0
1043 2579 0
2173 2550 0
1581 2602 0
1568 642 0
2904 2390 0
3277 3982 0
3449 1343 0
203 1766 0
1146 369 0
1750 3913 0
2591 1737 0
887 598 0
1608 1412 0
1473 2284 0
2966 2863 0
2498 3205 0
551 3466 0
3980 2169 0
230 1223 0
698 1036 0
1052 3431 0
1302 3578 0
158 3929 0
3809 1076 0
3830 2062 0
3817 441 0
3986 523 0
3536 373 0
3985 1030 0
1412 1430 0
3612 1955 0
2335 3546 0
716 2031 0
1205 1650 0
662 1865 0
607 3454 0
2809 497 0
368 3674 0
640 3810 0
2806 130 0
1425 522 0
1606 394 0
2683 90 0
2049 2498 0
1113 4023 0
2071 3464 0
41 3583 0
911 1034 0
419 2877 0
2619 899 0
3388 3101 0
3153 2974 0
1698 2954 0
3126 2549 0
2834 643 0
949 516 0
3872 3770 0
1820 3140 0
2865 1449 0
1123 1441 0
1856 3569 0
3078 2049 0
1832 2798 0
3431 3065 0
581 1134 0
1470 1303 0
1289 2416 0
1917 1178 0
879 1814 0
3873 3903 0
2343 810 0
854 1059 0
3573 2262 0
876 1279 0
2648 445 0
1422 3170 0
3102 2866 0
281 2111 0
3224 1571 0
123 3233 0
2120 2767 0
1746 2123 0
1356 2326 0
1109 1386 0
402 2147 0
701 568 0
804 1435 0
1924 1491 0
2614 2995 0
2429 470 0
1226 2785 0
3440 1121 0
2226 2776 0
844 119 0
304 1037 0
3877 853 0
2584 1257 0
3747 967 0
1969 1651 0
845 2199 0
2439 1222 0
3712 3040 0
1304 3766 0
1419 1970 0
1303 1940 0
3156 2072 0
2528 2394 0
665 1834 0
1094 1219 0
1339 620 0
2286 425 0
3514 1102 0
703 990 0
1143 3843 0
615 2813 0
1377 1637 0
834 1690 0
3273 1066 0
1923 3798 0
3894 2392 0
1953 3721 0
2815 1659 0
642 1409 0
2261 1339 0
3753 1866 0
1021 386 0
2754 2369 0
1629 750 0
744 2617 0
577 1041 0
53 2981 0
2287 2534 0
2893 552 0
1522 2624 0
2366 1479 0
1616 2585 0
2207 482 0
1208 3307 0
1269 3458 0
2649 1010 0
2488 1377 0
2781 2083 0
1979 744 0
875 2811 0
1574 1513 0
2996 3275 0
608 2190 0
601 2353 0
2323 1764 0
3912 2638 0
1458 920 0
1232 749 0
815 2318 0
1848 239 0
1751 3603 0
416 1473 0
2398 2093 0
2259 2606 0
921 2438 0
469 2324 0
1041 3381 0
2496 1952 0
520 2200 0
3899 2055 0
2689 2908 0
895 323 0
364 820 0
1649 1235 0
1759 1127 0
3622 2410 0
1267 333 0
2405 2539 0
2419 1902 0
1805 1677 0
675 1794 0
1282 3552 0
1568 2623 0
2465 2576 0
2708 1908 0
1971 2072 0
1301 2928 0
626 1368 0
1137 2204 0
547 2419 0
2684 3458 0
952 1685 0
358 2092 0
801 2618 0
2482 2641 0
3561 2067 0
3242 1894 0
2481 3203 0
990 2522 0
2665 2877 0
2258 2591 0
2979 399 0
3006 614 0
2157 773 0
3779 14 0
2319 1211 0
2080 542 0
2033 2586 0
2250 838 0
3949 2719 0
2574 1982 0
3860 2326 0
2264 596 0
2727 1523 0
3943 2484 0
1597 116 0
1300 1301 0
2062 3479 0
24 2642 0
3031 1820 0
3408 322 0
1107 1000 0
2505 1156 0
570 2912 0
1462 1176 0
1746 1754 0
444 899 0
470 1499 0
661 1102 0
853 1585 0
1638 2028 0
1295 2409 0
3179 3900 0
2644 2454 0
1550 3912 0
1216 1199 0
2619 1421 0
2855 2734 0
1113 1512 0
2780 2252 0
1793 3747 0
2580 2348 0
621 573 0
3952 523 0
3082 3282 0
3305 158 0
386 528 0
109 2173 0
760 1930 0
2296 1239 0
3388 2568 0
3466 3810 0
1318 506 0
824 2538 0
832 2422 0
1069 1004 0
3173 644 0
3824 178 0
2910 2620 0
1713 1607 0
616 1434 0
1081 3805 0
3188 3459 0
815 204 0
1182 179 0
2755 175 0
734 1945 0
3591 3204 0
1212 1541 0
2611 986 0
703 1260 0
610 2276 0
2586 3324 0
908 501 0
1893 2875 0
1412 4 0
1917 2381 0
3175 2380 0
860 2720 0
516 3661 0
3189 831 0
2409 2599 0
883 3186 0
1784 3094 0
3904 3195 0
2700 457 0
3592 3197 0
3736 1482 0
3264 617 0
3930 2690 0
2332 2330 0
3751 2487 0
662 3115 0
1580 2004 0
1196 2574 0
3454 2230 0
2547 1121 0
755 549 0
3307 646 0
939 2388 0
1355 1345 0
1908 285 0
2456 2310 0
842 365 0
1657 2367 0
838 2985 0
156 2871 0
1033 3155 0
2663 2958 0
17 879 0
2145 1738 0
1158 2278 0
694 2624 0
471 2220 0
2528 3982 0
1325 3033 0
3946 1087 0
1209 1441 0
412 3763 0
1841 1980 0
1075 1764 0
2811 2625 0
3282 3964 0
3912 1126 0
3414 1597 0
1289 360 0
2567 1492 0
2252 2799 0
434 1510 0
1208 2094 0
3094 1870 0
925 3408 0
3809 1529 0
623 966 0
2348 3392 0
2816 1362 0
1786 783 0
1991 2880 0
970 1177 0
823 917 0
478 1003 0
746 1983 0
2884 273 0
186 641 0
3545 667 0
1859 1462 0
2404 1610 0
446 655 0
2394 334 0
3243 79 0
568 1021 0
1260 151 0
1353 3090 0
563 3144 0
451 2242 0
2805 3662 0
1053 1040 0
1021 2873 0
574 1588 0
1788 2488 0
1393 1245 0
1726 406 0
1190 1363 0
3387 1581 0
3784 1953 0
2102 348 0
2857 2567 0
617 2303 0
1502 213 0
2669 1381 0
1363 3872 0
1707 739 0
2874 1372 0
1573 1008 0
365 1088 0
1468 3906 0
1296 137 0
119 3531 0
3573 378 0
713 382 0
3901 3672 0
457 1242 0
85 1068 0
3445 2843 0
1486 1979 0
2376 2683 0
1704 1964 0
3201 3592 0
747 3774 0
2069 1756 0
178 2336 0
884 2495 0
3065 3278 0
3385 3472 0
1458 2593 0
2426 569 0
2107 1817 0
495 82 0
640 3100 0
308 1721 0
2377 1773 0
2583 735 0
1718 2436 0
3153 1539 0
1078 364 0
710 119 0
786 2887 0
1082 2729 0
1865 1551 0
2239 2691 0
748 1888 0
929 1376 0
2641 515 0
318 2332 0
3410 3474 0
2077 2184 0
1288 1321 0
3072 1076 0
2438 467 0
2942 1649 0
1511 3185 0
3567 2309 0
1899 1950 0
1656 1666 0
1280 3381 0
3771 2830 0
3051 1907 0
3211 571 0
3578 1151 0
3536 1164 0
2985 2466 0
1600 1208 0
26 1056 0
1985 2870 0
2670 851 0
2353 1513 0
1655 1978 0
1491 2780 0
2446 3659 0
3982 1207 0
576 3497 0
1531 2159 0
1279 195 0
57 3221 0
2260 337 0
2685 585 0
3093 3543 0
1931 173 0
2117 3587 0
552 373 0
2283 1392 0
2021 1241 0
953 3802 0
715 230 0
3217 1524 0
1308 967 0
607 3188 0
2602 2585 0
2734 2059 0
2304 1427 0
476 3730 0
1442 2819 0
1139 352 0
3338 589 0
3040 929 0
2894 1299 0
3714 1074 0
1346 1783 0
1015 3825 0
999 1792 0
996 1124 0
829 876 0
436 1123 0
1695 3637 0
1935 3250 0
3390 586 0
2480 2169 0
360 2345 0
1210 3674 0
905 2954 0
82 2739 0
2593 2384 0
3746 658 0
2640 92 0
1516 3961 0
3767 1058 0
1163 3051 0
1608 1453 0
780 1635 0
1221 3865 0
911 456 0
2313 1443 0
3403 2314 0
1757 2219 0
2366 3854 0
2653 1083 0
1495 2346 0
302 765 0
2281 3550 0
1817 711 0
1466 1193 0
1479 1750 0
1361 1642 0
1838 1096 0
2810 2926 0
843 2947 0
3069 3844 0
2890 931 0
1744 1678 0
2990 3385 0
904 304 0
1241 3404 0
560 299 0
3409 2108 0
1730 1215 0
629 755 0
3316 187 0
1445 675 0
1418 3189 0
136 3893 0
3999 343 0
2856 2129 0
78 643 0
794 3075 0
1421 1283 0
3940 1801 0
1263 1257 0
2995 411 0
1377 186 0
2833 3573 0
9 1182 0
1095 1144 0
1976 1439 0
1847 1161 0
2557 826 0
2869 843 0
2123 928 0
1951 1418 0
2716 1422 0
1165 3254 0
2921 1843 0
652 3769 0
3916 3664 0
1696 281 0
333 694 0
1228 4017 0
452 3525 0
1042 1154 0
3073 111 0
4014 794 0
2843 2550 0
511 3131 0
2740 2894 0
539 3356 0
80 2910 0
2282 421 0
1092 1800 0
3770 2285 0
472 2653 0
2852 410 0
2323 2934 0
2922 2730 0
584 1081 0
548 1827 0
1126 3101 0
2108 1845 0
1018 3508 0
2970 2071 0
3657 727 0
2015 1045 0
2050 854 0
485 2689 0
1281 1625 0
354 2761 0
1109 612 0
2074 1073 0
1924 2566 0
3479 503 0
2879 272 0
3205 346 0
1933 3910 0
272 3638 0
2483 152 0
3087 897 0
492 2424 0
1512 743 0
2262 3413 0
3105 1315 0
3475 2542 0
3241 2774 0
2795 1111 0
1262 3529 0
1848 2781 0
1449 3276 0
1870 3916 0
366 1444 0
1654 25 0
343 402 0
3481 2244 0
2584 2531 0
99 54 0
3478 870 0
232 2619 0
1167 3078 0
3550 1092 0
1121 2935 0
1396 1849 0
477 629 0
2996 1371 0
1368 3676 0
966 1807 0
2873 999 0
2989 1033 0
2767 1104 0
3586 621 0
1180 2127 0
729 673 0
3033 3596 0
3981 3969 0
887 1929 0
1867 2882 0
1202 685 0
1320 3338 0
2597 1246 0
2975 347 0
2534 635 0
967 3118 0
3528 1516 0
3831 2475 0
1755 2467 0
1131 1837 0
2004 2647 0
2199 1269 0
2039 2549 0
735 1358 0
405 715 0
3415 2011 0
224 2564 0
1674 2644 0
1334 1501 0
29 2328 0
3012 1841 0
855 1579 0
3626 2907 0
3627 626 0
372 2008 0
2428 3122 0
3995 1600 0
2664 2545 0
2171 2463 0
1834 17 0
1339 3020 0
2965 3804 0
357 1629 0
3531 3475 0
1929 1094 0
2254 3694 0
131 1871 0
2363 3049 0
1154 518 0
3193 3646 0
3497 857 0
2585 1198 0
3970 2740 0
2126 429 0
440 2146 0
2454 3971 0
3245 274 0
941 3940 0
1004 913 0
116 463 0
2792 2395 0
1790 684 0
2220 1307 0
658 2995 0
1564 3386 0
3308 1288 0
2706 1497 0
1651 166 0
515 988 0
6 1571 0
3579 3031 0
417 1202 0
3283 695 0
1265 3000 0
2083 2392 0
1565 3504 0
3868 3116 0
2312 1277 0
1942 3180 0
3961 1263 0
1925 1544 0
2412 721 0
1528 1370 0
1358 534 0
2935 2040 0
1222 2202 0
575 526 0
949 435 0
3582 3274 0
1030 2726 0
1477 2608 0
648 251 0
2227 1593 0
719 3809 0
1637 2713 0
1342 3218 0
1278 747 0
2687 2976 0
2462 598 0
871 4038 0
1432 2648 0
2931 1646 0
494 3874 0
2303 3975 0
535 890 0
814 577 0
3647 1765 0
968 852 0
1046 584 0
783 3905 0
641 2543 0
731 2737 0
2875 1652 0
2787 689 0
2240 3575 0
187 1578 0
388 519 0
1715 1458 0
3133 1716 0
3804 761 0
1814 841 0
737 860 0
3514 1640 0
788 3063 0
345 3670 0
3503 624 0
3927 2768 0
3500 1749 0
2142 130 0
644 1722 0
1775 822 0
690 1259 0
1150 973 0
163 2323 0
3910 3265 0
21 3449 0
2914 404 0
3924 1977 0
285 564 0
1483 1726 0
2169 2678 0
3594 824 0
3600 1178 0
2256 2190 0
2041 2025 0
3110 941 0
111 1195 0
2723 3864 0
1835 1985 0
3625 2221 0
3835 1723 0
1489 921 0
1909 3522 0
3877 0 0
461 2754 0
3078 3050 0
3715 3309 0
2115 2594 0
3537 1243 0
1894 3065 0
877 2904 0
2490 3669 0
3918 423 0
1125 1105 0
866 3482 0
1809 3586 0
2678 3762 0
2768 3517 0
1932 792 0
2525 1558 0
571 1847 0
3352 2317 0
3521 3333 0
1484 3817 0
3925 3784 0
1648 3264 0
1676 1432 0
1843 2305 0
2357 864 0
1304 3111 0
3278 2041 0
2621 1455 0
1179 227 0
1045 438 0
429 1048 0
1105 1531 0
3066 868 0
2601 1210 0
1080 1565 0
2915 2335 0
2487 3097 0
988 1939 0
521 3469 0
1258 1778 0
181 2597 0
986 2288 0
2422 742 0
2193 3503 0
1256 156 0
2314 1776 0
931 1296 0
3721 2354 0
1061 2121 0
415 3269 0
1626 3801 0
2359 2470 0
3458 2240 0
3810 2580 0
4023 511 0
3951 2478 0
691 1006 0
1398 2857 0
2442 3823 0
1176 1700 0
1344 1355 0
960 3951 0
765 2999 0
3829 1835 0
1014 458 0
3992 90 0
1160 2390 0
1781 1442 0
677 1014 0
3039 1643 0
2627 3023 0
2467 3521 0
3781 3563 0
3623 3183 0
2449 1430 0
3605 1768 0
202 2525 0
3443 2607 0
1453 3780 0
1513 2274 0
752 1885 0
793 2313 0
2674 2302 0
2092 1486 0
1072 2898 0
3926 648 0
2387 3891 0
2609 2144 0
1385 2027 0
416 3133 0
118 3899 0
1750 960 0
991 142 0
2814 3605 0
1266 1986 0
529 1862 0
2168 2084 0
1299 2785 0
3976 3091 0
3023 2498 0
1349 1200 0
2418 3217 0
3062 3941 0
54 2744 0
3162 3509 0
683 1477 0
3986 1645 0
2913 2217 0
1954 3925 0
798 3895 0
149 470 0
1857 3783 0
3269 446 0
329 231 0
2476 3991 0
958 3312 0
3679 441 0
977 3110 0
1343 1741 0
863 422 0
2513 1803 0
611 3280 0
414 2208 0
2531 2745 0
2526 3530 0
418 3520 0
3808 3239 0
2648 3067 0
337 1026 0
2286 2751 0
467 757 0
453 2301 0
2327 55 0
1047 2315 0
2315 2955 0
3005 2044 0
1291 3387 0
676 1395 0
1144 3949 0
64 2693 0
2478 2805 0
1326 3306 0
3312 2702 0
3247 2014 0
1233 2032 0
2864 653 0
1603 2481 0
2228 3606 0
130 1614 0
1731 3488 0
1575 2532 0
2909 566 0
2509 1018 0
1639 73 0
753 3506 0
2731 1938 0
1850 2271 0
1297 2504 0
392 887 0
1979 697 0
350 2562 0
1059 1662 0
3659 2185 0
1630 84 0
2771 1118 0
155 2416 0
1191 3740 0
2212 1879 0
1623 1533 0
2753 170 0
39 1971 0
3898 368 0
3213 2833 0
1115 1563 0
1577 2837 0
1690 1591 0
833 2643 0
506 674 0
1395 2840 0
645 1667 0
732 2804 0
3615 916 0
2364 918 0
2141 3561 0
1658 389 0
508 2405 0
1581 1375 0
1286 3464 0
2431 1297 0
2300 2792 0
2444 2088 0
1803 1850 0
3107 2724 0
2040 1904 0
369 2700 0
768 2476 0
2620 2123 0
3430 581 0
2762 388 0
2739 935 0
770 3927 0
3769 1374 0
3748 884 0
410 2294 0
2747 2178 0
3183 2189 0
3739 2464 0
484 1626 0
3058 3036 0
463 3685 0
3100 2406 0
2813 3585 0
1923 1751 0
393 1300 0
1383 1471 0
373 2329 0
3434 837 0
41 2561 0
796 801 0
2776 3735 0
2617 1798 0
3167 632 0
2502 2257 0
3774 2049 0
3225 3113 0
79 1360 0
2746 1218 0
3047 1636 0
1410 2584 0
1271 2765 0
2645 2050 0
500 185 0
1226 2483 0
71 1470 0
2508 493 0
2352 2867 0
123 1270 0
2046 1244 0
2214 2771 0
1756 2275 0
3874 563 0
3956 1595 0
876 3771 0
2488 2865 0
2693 2759 0
2293 1834 0
1734 1163 0
1084 683 0
1596 1410 0
1747 793 0
1647 2081 0
2402 770 0
1749 2537 0
3009 2864 0
2416 2888 0
2994 167 0
2466 2194 0
2576 3053 0
93 2277 0
2775 3714 0
3590 3513 0
2945 2393 0
2551 2053 0
864 1735 0
1741 1559 0
4038 3073 0
139 2918 0
2642 1703 0
3451 823 0
3777 1139 0
3357 3006 0
2181 2650 0
1606 896 0
2129 3401 0
1471 1538 0
2765 3977 0
3554 866 0
1872 545 0
2275 2069 0
3383 3172 0
3050 65 0
1083 3027 0
2112 3485 0
367 965 0
2730 707 0
2461 1419 0
2204 2776 0
2858 2886 0
3413 2802 0
2898 1969 0
2295 699 0
2164 3447 0
1607 3930 0
3540 3894 0
998 3466 0
1425 3099 0
166 2133 0
1275 980 0
3651 3247 0
995 649 0
2027 2456 0
2463 871 0
559 1746 0
420 3779 0
2552 3419 0
45 1214 0
1559 535 0
2514 2462 0
1007 1829 0
3793 377 0
2726 3014 0
1901 367 0
2895 1036 0
3203 1932 0
1558 2727 0
1312 1914 0
2399 2787 0
1103 3061 0
1705 3980 0
3038 1857 0
937 478 0
1678 3873 0
1089 1866 0
586 2060 0
2400 2514 0
2756 3403 0
3063 2516 0
3021 1651 0
1862 744 0
1780 1254 0
2341 2640 0
323 1209 0
727 4023 0
2815 842 0
1090 1002 0
1561 115 0
2026 807 0
701 1023 0
2901 2370 0
772 1924 0
2434 1612 0
1341 26 0
643 1312 0
2616 1681 0
2582 1639 0
430 3875 0
4016 2579 0
3218 3595 0
3639 760 0
598 1134 0
956 1030 0
924 2181 0
2560 1556 0
1875 1039 0
1362 1641 0
3562 1534 0
3355 3055 0
3083 679 0
2667 2352 0
2559 3835 0
435 668 0
3525 3859 0
669 1346 0
1499 799 0
549 3021 0
3086 1212 0
3614 1338 0
2976 2893 0
2618 863 0
932 3136 0
185 2861 0
1439 1165 0
1956 3603 0
1618 3156 0
2443 3972 0
1039 3901 0
1778 3366 0
88 1032 0
969 1192 0
2870 745 0
2384 2461 0
2347 810 0
983 1365 0
994 45 0
980 1054 0
1079 3956 0
3849 2322 0
1181 3287 0
2862 3390 0
1049 2974 0
73 608 0
1074 3129 0
1751 1752 0
1380 2701 0
1798 2292 0
668 3808 0
1427 2766 0
973 873 0
3576 403 0
1729 2916 0
989 939 0
271 492 0
133 1354 0
325 419 0
1641 1041 0
790 1425 0
679 2073 0
1476 3380 0
2591 2239 0
195 1341 0
306 2795 0
522 6 0
972 408 0
2766 1240 0
3254 3590 0
3224 2225 0
1927 1135 0
1885 3087 0
745 136 0
1967 2767 0
2184 562 0
526 2750 0
2904 2659 0
1766 447 0
1422 3877 0
601 2116 0
1915 2139 0
665 2114 0
978 2600 0
672 2273 0
1408 2658 0
2180 1548 0
1043 2024 0
589 1881 0
2217 1044 0
3274 497 0
1026 3997 0
2396 2806 0
3841 2616 0
2206 1043 0
3571 2241 0
3522 1024 0
1091 3434 0
1111 239 0
739 1266 0
750 3160 0
3440 3235 0
23 93 0
1845 1872 0
3366 590 0
2501 3615 0
1153 1602 0
2900 2583 0
3262 2015 0
473 1107 0
2297 1267 0
2078 2379 0
759 1082 0
4001 2634 0
1272 1383 0
2470 1623 0
1087 2434 0
3732 2394 0
2242 885 0
2101 1892 0
25 1557 0
152 882 0
2544 2085 0
3402 812 0
782 120 0
2134 1802 0
2055 3201 0
749 203 0
1926 2513 0
3685 2249 0
2541 2142 0
1023 1990 0
1239 3620 0
1482 2259 0
3795 1509 0
800 1718 0
481 56 0
3036 531 0
1886 1898 0
826 469 0
693 741 0
962 2588 0
2822 3604 0
836 481 0
3661 2110 0
3761 1763 0
1206 3037 0
542 3656 0
67 1782 0
3825 661 0
2504 1826 0
2888 922 0
3905 1034 0
837 1706 0
2948 2378 0
680 496 0
4 3883 0
2257 2747 0
2342 2199 0
1382 788 0
1188 1232 0
2866 3794 0
3529 189 0
3599 1575 0
1562 3426 0
2219 3480 0
1133 196 0
1735 184 0
3127 3616 0
1211 1925 0
1214 329 0
1375 2113 0
3474 2198 0
1052 567 0
3313 2477 0
2156 2453 0
2479 1954 0
3538 3096 0
851 1689 0
596 3213 0
2195 3761 0
1493 1709 0
1773 734 0
251 1809 0
2991 2808 0
2880 2489 0
2562 536 0
1826 1309 0
2757 1289 0
2120 1311 0
48 1828 0
3144 313 0
1124 2172 0
2290 791 0
3080 1537 0
1688 2731 0
1145 1010 0
1830 568 0
2373 3441 0
1949 1057 0
2543 2250 0
188 2187 0
3653 3562 0
2882 1714 0
3519 1075 0
330 1231 0
2764 780 0
791 769 0
2522 1396 0
3209 2509 0
852 2102 0
2841 979 0
159 1592 0
3439 2728 0
2845 3994 0
3180 1091 0
2907 2667 0
1905 3106 0
170 2902 0
1669 4016 0
3131 472 0
1777 2080 0
2797 923 0
2587 862 0
3895 1140 0
699 4001 0
630 1339 0
3490 3455 0
1670 1630 0
3880 1204 0
706 2122 0
402 88 0
1779 3451 0
2744 3985 0
2590 2206 0
913 2171 0
37 1460 0
2367 1786 0
785 3623 0
1207 1109 0
792 1654 0
2230 2622 0
1250 2577 0
216 638 0
1962 2341 0
3966 3842 0
3235 425 0
1737 172 0
1544 374 0
1523 455 0
1060 1743 0
615 1394 0
577 2526 0
2226 1158 0
3543 1759 0
3960 3179 0
378 3870 0
1595 1604 0
950 2748 0
2649 553 0
2343 139 0
872 2196 0
1995 3819 0
2867 2581 0
813 1730 0
2954 412 0
1882 962 0
1515 2631 0
3750 698 0
487 2828 0
1764 877 0
2742 561 0
812 982 0
1178 900 0
2960 2211 0
2436 2627 0
2386 1227 0
3125 672 0
3239 1148 0
3485 1876 0
3830 1875 0
31 2457 0
1934 911 0
1492 1342 0
830 1848 0
173 552 0
2622 2312 0
1896 676 0
603 2559 0
2751 943 0
1108 3360 0
3870 2609 0
2175 891 0
3506 3170 0
3812 1125 0
3882 2632 0
2803 2801 0
2629 2387 0
2683 2688 0
1215 2235 0
427 1197 0
1446 1115 0
3204 3072 0
1472 2831 0
3185 1072 0
1372 444 0
441 3069 0
1130 2075 0
1391 2527 0
820 2418 0
1683 3233 0
687 932 0
1185 733 0
581 2214 0
2285 1320 0
2060 880 0
411 2261 0
2548 798 0
2748 1955 0
3975 1899 0
1604 405 0
1457 471 0
1619 570 0
2457 3829 0
448 2639 0
1827 1606 0
1405 1179 0
248 719 0
2556 1698 0
1601 889 0
3055 968 0
121 3527 0
1106 3273 0
3632 3770 0
1044 121 0
291 2942 0
527 2794 0
2337 1287 0
605 2442 0
2054 2256 0
1912 3034 0
1076 1893 0
1823 1080 0
936 2338 0
3287 2002 0
875 2874 0
2255 2948 0
697 86 0
3020 330 0
721 3798 0
1497 1787 0
1819 620 0
3969 3736 0
2545 948 0
756 3388 0
3152 2037 0
1522 3946 0
2008 2074 0
531 340 0
2002 1131 0
2887 1086 0
561 2621 0
493 2408 0
2519 1146 0
2801 2311 0
840 1655 0
2024 1318 0
3059 1225 0
1164 3443 0
766 1963 0
1403 2347 0
2410 2386 0
1143 417 0
1002 936 0
1807 1280 0
3638 637 0
2144 3542 0
3552 3632 0
3509 2664 0
716 848 0
1966 3898 0
1231 2992 0
1264 2811 0
2051 430 0
3249 746 0
744 2042 0
117 1405 0
2163 1886 0
2339 750 0
1644 2665 0
120 1766 0
702 3824 0
533 3902 0
896 1812 0
2523 2698 0
1785 1912 0
3990 2901 0
456 1303 0
2737 3745 0
1614 2281 0
1944 339 0
480 1976 0
2299 2048 0
3137 1162 0
2122 2445 0
841 639 0
142 3177 0
1470 2814 0
3343 1143 0
620 2203 0
331 2552 0
2274 2733 0
663 3750 0
320 64 0
2292 2051 0
1661 937 0
743 2167 0
2420 3812 0
2732 3943 0
638 1542 0
1591 1566 0
1423 2523 0
1635 3410 0
3609 1775 0
2306 2414 0
2477 295 0
3136 1282 0
1844 977 0
1086 1060 0
2182 485 0
1292 2431 0
1327 630 0
2934 2293 0
1452 772 0
1621 856 0
2598 2670 0
1094 2996 0
1003 1384 0
55 2775 0
3456 3361 0
1274 117 0
3974 2382 0
1953 1276 0
3513 1705 0
2475 72 0
835 3612 0
2568 398 0
