0 121
1 121
2 72
2 75
2 76
2 113
2 144
4 95
5 78
6 76
6 144
8 94
9 104
10 53
10 112
10 145
10 164
11 74
12 22
12 34
12 42
12 44
12 47
12 50
12 52
12 56
12 62
12 64
12 66
12 68
12 81
12 86
12 87
12 88
12 91
12 94
12 96
12 101
12 106
12 109
12 110
12 116
12 119
12 128
12 135
12 138
12 143
12 145
12 151
12 158
12 167
12 171
12 174
12 176
15 16
18 65
18 70
18 85
20 178
21 70
23 65
23 70
23 85
24 120
25 61
25 65
25 83
27 120
28 164
29 63
30 178
31 96
31 102
31 103
31 105
31 110
31 157
31 171
35 115
36 99
37 110
37 149
38 171
38 187
39 148
40 67
49 135
54 72
54 107
56 85
58 145
59 62
59 103
59 192
60 85
61 85
63 164
63 189
65 85
66 108
66 180
69 179
72 99
72 107
72 115
72 185
76 182
77 121
80 139
80 142
83 115
85 94
88 164
88 179
88 187
88 189
90 171
92 140
93 191
97 185
98 190
108 180
109 145
110 191
110 192
121 193
130 131
135 154
135 168
136 137
139 142
141 186
145 162
148 191
155 190
156 182
159 161
164 179
164 189
172 191
179 187
179 188
181 183
184 185
187 188
193 193
195 196
195 201
195 207
195 211
195 215
195 225
195 227
195 231
195 233
195 235
195 236
195 238
195 243
195 244
195 245
195 248
195 257
195 264
195 269
195 280
195 284
195 285
195 287
195 291
195 303
195 308
195 310
195 311
195 317
195 318
195 319
195 328
195 330
195 331
195 332
195 335
195 336
195 338
195 344
195 346
195 349
195 361
195 370
195 372
195 374
195 378
195 381
196 224
196 285
196 295
196 312
196 325
196 342
196 361
196 381
197 205
201 288
202 358
204 334
205 217
205 375
206 247
207 232
207 274
208 289
208 317
213 321
215 268
217 229
218 218
218 219
219 274
219 324
220 290
221 221
221 222
226 252
227 313
227 337
227 344
228 335
228 351
229 230
230 316
231 356
232 261
233 233
234 307
236 309
237 237
240 369
241 300
242 243
243 323
243 332
243 339
250 305
253 361
256 326
259 259
259 335
266 322
272 333
273 333
275 276
275 322
280 364
281 287
284 317
285 302
285 381
289 317
289 351
290 291
290 339
290 343
290 353
291 293
291 322
293 343
301 353
302 312
302 325
303 322
309 367
309 368
309 380
321 321
321 322
321 323
322 325
322 329
322 362
325 327
328 364
335 340
335 354
344 356
348 348
351 352
351 358
356 359
356 370
358 379
363 379
382 485
383 388
383 402
383 428
383 450
383 454
383 456
383 459
383 460
383 466
383 468
383 469
383 470
383 471
383 474
383 476
383 479
383 480
383 482
383 483
383 484
383 486
383 487
383 489
383 495
383 496
383 497
383 498
383 500
383 501
383 502
383 503
383 505
383 507
383 511
383 512
383 513
383 514
383 515
383 518
383 523
383 526
383 527
383 532
383 536
383 537
383 539
383 540
383 542
383 544
383 549
383 554
383 555
383 556
383 558
383 563
383 564
383 566
383 567
383 570
383 577
383 580
383 581
383 582
383 583
383 591
383 597
383 599
383 600
383 601
383 604
383 606
384 384
385 385
385 386
386 518
387 387
388 457
389 389
391 392
392 518
393 394
393 590
396 396
396 468
397 398
400 400
401 401
402 446
402 465
404 404
405 405
406 459
406 565
407 544
409 409
409 578
410 411
412 558
413 502
415 416
416 497
416 504
416 588
417 453
417 494
417 514
417 538
418 461
421 421
421 422
421 494
423 423
423 453
423 552
424 424
424 533
426 521
427 427
428 536
428 543
428 568
428 589
429 536
429 568
430 590
433 453
435 436
435 437
435 464
440 482
440 504
440 588
441 453
442 564
444 610
447 468
448 491
450 472
452 547
452 594
454 484
458 607
459 474
459 539
459 548
459 598
460 485
464 464
464 515
466 508
467 602
470 491
471 589
471 603
472 544
472 578
475 610
478 548
478 587
480 522
480 548
482 506
482 607
482 611
483 607
485 515
485 525
485 585
486 486
486 522
488 488
490 490
492 492
492 602
493 553
493 600
495 564
500 512
500 521
500 576
501 610
506 521
509 559
512 539
514 605
515 535
515 537
516 538
517 601
520 605
521 598
522 592
527 594
529 593
530 530
531 601
533 608
538 538
539 548
539 549
540 540
543 589
548 550
548 577
552 552
553 553
560 560
563 589
564 611
565 601
566 595
569 569
574 574
576 577
577 582
579 606
581 607
583 587
586 586
588 608
589 601
592 595
594 597
596 596
610 610
612 615
612 830
612 875
613 615
613 725
614 805
615 622
615 624
615 626
615 627
615 628
615 635
615 637
615 639
615 640
615 646
615 647
615 649
615 652
615 656
615 659
615 660
615 666
615 671
615 685
615 686
615 691
615 698
615 701
615 704
615 718
615 719
615 721
615 722
615 726
615 728
615 732
615 736
615 737
615 739
615 741
615 742
615 745
615 748
615 751
615 759
615 768
615 769
615 775
615 788
615 790
615 793
615 798
615 802
615 803
615 804
615 805
615 809
615 810
615 812
615 815
615 816
615 817
615 818
615 819
615 827
615 829
615 830
615 835
615 838
615 840
615 842
615 846
615 850
615 857
615 858
615 860
615 861
615 866
615 867
615 869
615 870
615 874
615 876
616 645
618 620
618 643
618 802
619 708
620 623
621 623
621 685
621 694
621 737
622 701
623 694
623 736
623 796
624 660
625 648
625 704
625 713
626 830
627 682
627 776
627 844
628 670
629 630
629 687
630 631
630 687
630 759
631 632
631 687
632 687
636 677
637 871
638 644
638 647
639 660
640 642
640 658
640 665
640 830
640 850
641 658
642 665
645 659
647 678
648 776
648 860
649 873
650 651
651 665
652 652
655 838
657 751
658 663
658 695
658 729
658 760
658 811
659 714
659 807
659 808
659 813
659 846
659 855
660 744
660 808
660 855
661 752
661 755
661 779
661 814
661 848
662 738
662 779
662 814
662 848
663 840
663 852
665 700
665 717
665 723
665 760
665 766
665 768
665 774
665 777
665 856
668 668
671 847
673 765
673 838
674 801
675 676
675 724
675 802
676 781
677 804
678 754
678 804
678 847
678 863
679 680
681 805
683 724
684 759
687 704
687 759
687 841
687 867
688 704
688 713
690 691
691 692
693 796
693 866
696 698
696 778
696 827
696 833
698 772
698 822
698 823
698 824
698 826
701 792
703 776
704 751
704 841
704 867
705 706
705 707
706 708
710 755
710 769
711 769
713 716
713 746
715 799
717 718
718 828
723 724
726 842
727 728
732 813
734 734
739 739
739 802
740 741
749 750
751 759
751 820
751 841
752 813
753 867
754 863
755 813
757 758
758 759
759 841
759 867
760 762
763 838
764 764
766 767
768 768
768 769
773 776
775 775
776 835
779 813
780 780
781 838
781 870
783 789
784 838
786 791
787 830
788 791
789 849
789 867
789 871
791 791
797 798
800 866
802 869
805 805
806 815
807 808
813 848
822 826
823 824
823 826
828 829
829 830
852 853
856 857
862 863
866 868
