615 866 1
662 738 1
383 428 1
647 678 1
615 626 1
195 269 1
196 295 1
35 115 1
63 189 1
72 107 1
389 389 1
621 694 1
383 497 1
402 446 1
90 171 1
72 115 1
429 568 1
195 196 1
480 548 1
236 309 1
290 339 1
195 335 1
195 346 1
779 813 1
671 847 1
12 109 1
383 599 1
37 110 1
807 808 1
459 548 1
805 805 1
193 193 1
383 582 1
383 577 1
12 68 1
385 386 1
823 824 1
615 876 1
195 336 1
789 867 1
627 844 1
387 387 1
662 848 1
195 235 1
783 789 1
417 538 1
615 827 1
552 552 1
195 264 1
615 736 1
687 841 1
195 284 1
698 772 1
693 866 1
610 610 1
195 243 1
615 788 1
383 471 1
553 553 1
396 468 1
658 695 1
636 677 1
466 508 1
195 215 1
509 559 1
18 70 1
471 603 1
155 190 1
218 218 1
108 180 1
63 164 1
766 767 1
6 76 1
383 567 1
586 586 1
12 171 1
12 116 1
856 857 1
615 874 1
472 578 1
677 804 1
615 829 1
665 777 1
698 826 1
727 728 1
93 191 1
0 121 1
490 490 1
718 828 1
789 849 1
501 610 1
237 237 1
266 322 1
12 64 1
659 808 1
66 108 1
512 539 1
662 814 1
83 115 1
195 370 1
493 600 1
383 544 1
615 759 1
195 344 1
630 759 1
23 65 1
652 652 1
640 665 1
615 805 1
195 207 1
866 868 1
49 135 1
698 823 1
383 456 1
615 671 1
383 474 1
309 368 1
196 285 1
615 660 1
31 96 1
92 140 1
383 600 1
196 342 1
852 853 1
275 276 1
10 164 1
383 402 1
27 120 1
383 470 1
615 846 1
662 779 1
615 869 1
615 745 1
615 649 1
531 601 1
659 855 1
23 85 1
753 867 1
690 691 1
615 842 1
38 187 1
219 324 1
54 72 1
478 548 1
344 356 1
12 52 1
739 739 1
428 543 1
289 317 1
492 602 1
615 830 1
273 333 1
181 183 1
615 861 1
615 704 1
615 666 1
383 526 1
612 615 1
615 840 1
195 332 1
195 381 1
80 142 1
773 776 1
2 72 1
548 550 1
383 480 1
12 94 1
615 804 1
58 145 1
467 602 1
406 565 1
385 385 1
383 468 1
626 830 1
539 548 1
710 769 1
109 145 1
110 192 1
543 589 1
428 536 1
768 768 1
195 238 1
12 96 1
383 536 1
110 191 1
615 860 1
195 318 1
358 379 1
221 222 1
630 631 1
788 791 1
40 67 1
241 300 1
661 755 1
383 459 1
660 808 1
383 566 1
290 343 1
215 268 1
383 495 1
195 231 1
218 219 1
615 793 1
2 75 1
615 732 1
615 810 1
616 645 1
2 113 1
383 487 1
309 380 1
12 176 1
407 544 1
454 484 1
433 453 1
234 307 1
673 838 1
416 497 1
250 305 1
59 62 1
30 178 1
675 802 1
20 178 1
755 813 1
464 464 1
563 589 1
665 774 1
383 539 1
661 814 1
383 486 1
665 856 1
520 605 1
583 587 1
2 144 1
464 515 1
275 322 1
631 632 1
427 427 1
640 658 1
615 646 1
383 507 1
196 312 1
205 217 1
648 860 1
704 751 1
514 605 1
441 453 1
615 870 1
12 62 1
12 128 1
663 852 1
495 564 1
615 628 1
243 332 1
1 121 1
757 758 1
217 229 1
31 102 1
711 769 1
208 317 1
569 569 1
426 521 1
9 104 1
705 707 1
321 323 1
637 871 1
98 190 1
628 670 1
405 405 1
661 848 1
383 479 1
383 460 1
615 739 1
207 232 1
527 594 1
31 110 1
659 846 1
402 465 1
325 327 1
621 685 1
659 813 1
135 154 1
751 820 1
615 635 1
397 398 1
11 74 1
658 663 1
658 729 1
615 722 1
406 459 1
148 191 1
459 539 1
758 759 1
450 472 1
12 81 1
623 796 1
638 644 1
383 581 1
12 50 1
383 476 1
227 337 1
421 422 1
668 668 1
612 875 1
615 867 1
382 485 1
388 457 1
36 99 1
564 611 1
88 189 1
351 358 1
701 792 1
661 752 1
383 591 1
88 187 1
417 514 1
204 334 1
130 131 1
12 110 1
787 830 1
195 311 1
566 595 1
195 233 1
21 70 1
650 651 1
231 356 1
409 578 1
85 94 1
301 353 1
500 521 1
615 691 1
416 504 1
759 841 1
393 394 1
195 225 1
649 873 1
488 488 1
615 701 1
12 119 1
658 760 1
77 121 1
12 34 1
687 704 1
421 421 1
322 329 1
12 22 1
615 798 1
25 61 1
615 656 1
195 328 1
184 185 1
12 42 1
23 70 1
829 830 1
97 185 1
383 484 1
187 188 1
435 436 1
615 775 1
789 871 1
415 416 1
6 144 1
623 736 1
517 601 1
289 351 1
663 840 1
619 708 1
383 502 1
665 766 1
435 437 1
775 775 1
621 623 1
72 185 1
240 369 1
232 261 1
640 850 1
615 748 1
615 802 1
201 288 1
726 842 1
221 221 1
565 601 1
38 171 1
12 174 1
195 285 1
459 474 1
230 316 1
136 137 1
615 741 1
139 142 1
196 224 1
285 302 1
659 714 1
781 870 1
574 574 1
12 106 1
12 167 1
500 512 1
681 805 1
195 310 1
335 340 1
678 863 1
665 760 1
243 339 1
24 120 1
383 537 1
4 95 1
348 348 1
705 706 1
579 606 1
624 660 1
625 648 1
28 164 1
638 647 1
80 139 1
172 191 1
706 708 1
472 544 1
195 280 1
615 838 1
696 827 1
615 858 1
625 713 1
383 580 1
409 409 1
195 331 1
713 716 1
290 291 1
423 423 1
665 768 1
233 233 1
717 718 1
56 85 1
615 850 1
665 700 1
302 312 1
284 317 1
393 590 1
39 148 1
615 659 1
621 737 1
54 107 1
272 333 1
18 65 1
423 552 1
12 88 1
59 103 1
665 717 1
615 686 1
482 607 1
675 724 1
383 466 1
661 779 1
693 796 1
615 815 1
444 610 1
383 558 1
615 639 1
383 549 1
460 485 1
480 522 1
482 611 1
195 201 1
31 105 1
648 776 1
66 180 1
703 776 1
620 623 1
430 590 1
220 290 1
396 396 1
417 494 1
428 568 1
660 744 1
615 685 1
764 764 1
383 513 1
768 769 1
195 372 1
291 322 1
822 826 1
227 313 1
657 751 1
485 525 1
710 755 1
12 47 1
383 483 1
629 687 1
383 597 1
615 816 1
632 687 1
195 349 1
12 143 1
678 754 1
156 182 1
383 505 1
452 594 1
195 287 1
478 587 1
614 805 1
776 835 1
704 867 1
164 189 1
195 248 1
383 604 1
227 344 1
242 243 1
213 321 1
459 598 1
328 364 1
615 769 1
228 351 1
421 494 1
195 257 1
383 542 1
492 492 1
683 724 1
410 411 1
356 370 1
12 138 1
687 867 1
615 817 1
159 161 1
615 718 1
383 554 1
208 289 1
8 94 1
615 627 1
196 325 1
784 838 1
732 813 1
665 723 1
763 838 1
800 866 1
12 86 1
69 179 1
660 855 1
806 815 1
594 597 1
482 506 1
612 830 1
72 99 1
309 367 1
500 576 1
631 687 1
625 704 1
12 135 1
383 563 1
383 500 1
713 746 1
623 694 1
2 76 1
622 701 1
723 724 1
752 813 1
781 838 1
678 847 1
383 498 1
12 145 1
615 737 1
391 392 1
676 781 1
615 698 1
429 536 1
383 496 1
228 335 1
493 553 1
196 381 1
530 530 1
12 44 1
759 867 1
691 692 1
383 570 1
195 211 1
226 252 1
12 91 1
533 608 1
828 829 1
529 593 1
383 606 1
576 577 1
428 589 1
435 464 1
383 518 1
696 778 1
615 640 1
486 522 1
813 848 1
383 450 1
698 822 1
76 182 1
195 236 1
615 637 1
673 765 1
515 535 1
615 647 1
506 521 1
424 424 1
452 547 1
615 818 1
195 338 1
321 322 1
516 538 1
59 192 1
780 780 1
417 453 1
195 374 1
630 687 1
31 171 1
734 734 1
823 826 1
615 809 1
548 577 1
290 353 1
179 187 1
61 85 1
715 799 1
195 330 1
475 610 1
696 833 1
412 558 1
442 564 1
259 259 1
141 186 1
696 698 1
615 803 1
640 830 1
522 592 1
195 244 1
684 759 1
10 145 1
195 227 1
688 704 1
704 841 1
639 660 1
613 725 1
615 742 1
596 596 1
219 274 1
615 719 1
383 514 1
37 149 1
195 308 1
675 676 1
751 759 1
416 588 1
447 468 1
321 321 1
12 151 1
629 630 1
197 205 1
12 66 1
651 665 1
615 751 1
577 582 1
293 343 1
615 819 1
356 359 1
12 87 1
615 857 1
539 549 1
749 750 1
302 325 1
739 802 1
195 378 1
322 325 1
658 811 1
581 607 1
383 601 1
195 245 1
195 319 1
392 518 1
458 607 1
383 501 1
383 388 1
627 682 1
618 620 1
642 665 1
659 807 1
383 583 1
253 361 1
640 642 1
540 540 1
31 103 1
383 454 1
383 515 1
383 555 1
641 658 1
25 65 1
797 798 1
615 812 1
615 728 1
5 78 1
615 622 1
280 364 1
615 726 1
195 291 1
18 85 1
400 400 1
383 489 1
448 491 1
687 759 1
413 502 1
698 824 1
440 504 1
627 776 1
560 560 1
322 362 1
164 179 1
145 162 1
29 63 1
470 491 1
335 354 1
618 802 1
25 83 1
521 598 1
440 588 1
15 16 1
404 404 1
205 375 1
303 322 1
383 540 1
179 188 1
678 804 1
10 53 1
383 503 1
285 381 1
206 247 1
383 469 1
592 595 1
383 556 1
538 538 1
384 384 1
802 869 1
121 193 1
383 564 1
135 168 1
589 601 1
229 230 1
383 511 1
281 287 1
291 293 1
615 652 1
88 179 1
424 533 1
615 835 1
12 158 1
751 841 1
195 317 1
483 607 1
618 643 1
259 335 1
65 85 1
386 518 1
418 461 1
195 361 1
515 537 1
10 112 1
679 680 1
383 532 1
207 274 1
613 615 1
12 56 1
351 352 1
196 361 1
760 762 1
60 85 1
588 608 1
655 838 1
195 303 1
88 164 1
740 741 1
486 486 1
615 721 1
688 713 1
615 768 1
615 624 1
645 659 1
383 512 1
754 863 1
786 791 1
401 401 1
202 358 1
440 482 1
243 323 1
485 585 1
383 523 1
383 482 1
31 157 1
615 790 1
471 589 1
791 791 1
12 101 1
674 801 1
485 515 1
363 379 1
256 326 1
862 863 1
383 527 1
423 453 1
459 828 0
257 139 0
400 714 0
830 180 0
585 516 0
566 752 0
120 108 0
148 185 0
750 474 0
628 308 0
514 538 0
264 719 0
204 312 0
833 94 0
766 652 0
627 18 0
424 325 0
662 39 0
188 295 0
803 323 0
857 464 0
189 229 0
623 402 0
192 63 0
502 818 0
657 181 0
603 616 0
521 591 0
488 769 0
673 397 0
650 380 0
229 515 0
99 695 0
65 62 0
823 421 0
295 486 0
67 190 0
714 489 0
465 476 0
767 642 0
97 236 0
643 475 0
797 405 0
187 647 0
392 332 0
853 587 0
696 726 0
563 707 0
302 446 0
144 67 0
328 646 0
362 240 0
589 762 0
158 863 0
849 679 0
671 661 0
630 28 0
724 319 0
59 362 0
688 470 0
138 219 0
844 195 0
108 625 0
382 550 0
83 690 0
60 868 0
466 728 0
796 364 0
234 656 0
860 144 0
807 81 0
719 242 0
348 375 0
826 335 0
707 213 0
193 329 0
42 253 0
608 140 0
6 678 0
752 815 0
701 313 0
63 593 0
569 505 0
440 811 0
690 208 0
677 232 0
87 503 0
695 161 0
614 382 0
457 16 0
412 353 0
415 532 0
597 644 0
413 760 0
92 772 0
725 628 0
218 226 0
456 533 0
678 779 0
727 607 0
599 447 0
247 22 0
625 293 0
222 21 0
168 520 0
740 197 0
54 559 0
69 95 0
80 106 0
812 565 0
577 643 0
762 866 0
136 530 0
693 400 0
548 393 0
76 482 0
381 467 0
75 621 0
713 800 0
354 321 0
647 635 0
703 86 0
790 677 0
344 765 0
570 458 0
11 826 0
300 490 0
81 154 0
624 331 0
384 247 0
600 790 0
638 629 0
268 34 0
700 196 0
493 204 0
867 187 0
646 861 0
358 713 0
530 676 0
651 574 0
61 632 0
243 662 0
810 59 0
806 614 0
58 222 0
236 162 0
616 138 0
486 87 0
248 725 0
568 221 0
338 450 0
871 1 0
550 466 0
765 261 0
605 787 0
310 727 0
52 596 0
648 316 0
774 738 0
441 718 0
269 589 0
590 579 0
322 422 0
337 411 0
359 606 0
215 850 0
495 671 0
406 436 0
426 805 0
387 594 0
411 829 0
24 105 0
98 107 0
655 68 0
191 601 0
62 749 0
675 372 0
610 686 0
679 285 0
607 780 0
799 149 0
723 287 0
523 338 0
500 410 0
629 798 0
70 417 0
53 25 0
789 742 0
685 444 0
716 387 0
850 76 0
604 284 0
176 156 0
793 428 0
619 157 0
164 705 0
273 359 0
780 796 0
155 840 0
151 442 0
72 691 0
109 159 0
763 513 0
303 741 0
29 379 0
694 4 0
325 708 0
533 763 0
848 812 0
102 502 0
775 54 0
208 682 0
511 608 0
574 128 0
9 317 0
549 192 0
402 841 0
225 259 0
23 110 0
174 202 0
862 9 0
729 392 0
230 383 0
205 238 0
682 660 0
317 786 0
157 595 0
281 337 0
183 407 0
343 723 0
49 60 0
312 300 0
559 288 0
791 754 0
28 517 0
717 694 0
560 855 0
90 806 0
101 289 0
242 30 0
858 340 0
86 666 0
808 398 0
106 586 0
311 624 0
115 6 0
741 711 0
379 413 0
202 613 0
141 536 0
813 788 0
113 274 0
228 201 0
704 768 0
635 488 0
852 480 0
649 188 0
811 577 0
235 131 0
224 582 0
482 433 0
380 817 0
368 273 0
692 301 0
252 766 0
468 514 0
319 418 0
565 116 0
110 588 0
18 673 0
758 358 0
532 74 0
527 29 0
393 759 0
349 493 0
293 636 0
494 427 0
94 746 0
339 715 0
91 69 0
206 391 0
340 816 0
467 119 0
816 374 0
776 605 0
145 665 0
333 802 0
800 637 0
375 351 0
213 103 0
666 184 0
221 225 0
220 804 0
474 807 0
330 416 0
429 406 0
391 862 0
211 640 0
591 537 0
567 814 0
513 11 0
139 602 0
772 389 0
356 130 0
25 492 0
736 96 0
232 42 0
526 724 0
64 696 0
680 808 0
640 692 0
464 354 0
309 256 0
385 618 0
321 567 0
824 856 0
668 518 0
140 440 0
364 710 0
520 409 0
768 775 0
863 809 0
383 233 0
535 824 0
819 231 0
50 172 0
407 529 0
615 597 0
323 721 0
870 497 0
40 378 0
119 471 0
869 78 0
74 326 0
639 655 0
386 773 0
711 522 0
313 729 0
715 803 0
601 511 0
326 137 0
755 599 0
783 544 0
875 85 0
363 494 0
444 619 0
822 736 0
201 342 0
241 145 0
576 755 0
398 53 0
855 564 0
30 303 0
335 36 0
856 250 0
809 386 0
745 80 0
219 302 0
450 675 0
78 631 0
389 583 0
753 875 0
186 454 0
868 657 0
788 281 0
196 275 0
4 813 0
505 424 0
421 205 0
259 527 0
453 191 0
838 479 0
435 109 0
442 641 0
620 683 0
469 566 0
602 620 0
396 35 0
721 429 0
592 322 0
820 560 0
378 50 0
56 797 0
539 478 0
351 88 0
128 311 0
452 740 0
353 453 0
180 622 0
818 97 0
537 457 0
815 189 0
5 623 0
516 257 0
479 237 0
289 603 0
515 835 0
487 193 0
846 791 0
595 244 0
706 757 0
606 626 0
659 367 0
185 700 0
786 318 0
501 838 0
142 75 0
742 555 0
492 245 0
538 758 0
171 874 0
161 0 0
722 241 0
663 143 0
85 343 0
0 512 0
346 799 0
287 767 0
130 56 0
644 751 0
404 47 0
840 781 0
397 93 0
660 739 0
31 334 0
178 525 0
112 585 0
38 135 0
256 171 0
536 5 0
22 61 0
472 737 0
778 23 0
369 638 0
698 590 0
276 136 0
705 211 0
417 830 0
588 701 0
676 842 0
162 706 0
665 385 0
544 20 0
307 151 0
504 793 0
95 27 0
641 688 0
179 120 0
739 269 0
582 558 0
773 121 0
253 542 0
454 452 0
274 810 0
847 58 0
626 659 0
107 155 0
181 227 0
483 218 0
484 777 0
734 858 0
670 174 0
578 426 0
227 44 0
137 501 0
759 531 0
245 465 0
156 31 0
336 83 0
687 553 0
182 680 0
143 857 0
409 327 0
556 732 0
460 291 0
632 704 0
517 104 0
10 363 0
726 853 0
197 158 0
631 581 0
471 324 0
2 40 0
88 552 0
769 164 0
598 142 0
217 310 0
240 526 0
746 867 0
21 309 0
802 491 0
593 648 0
422 870 0
105 848 0
801 460 0
423 734 0
779 264 0
226 651 0
237 847 0
554 12 0
498 703 0
708 70 0
861 649 0
497 506 0
553 344 0
195 600 0
751 495 0
291 484 0
20 230 0
478 65 0
428 685 0
490 141 0
135 234 0
305 598 0
612 381 0
352 167 0
518 412 0
611 485 0
805 801 0
718 224 0
266 693 0
842 833 0
744 468 0
710 368 0
579 576 0
401 268 0
233 670 0
525 333 0
787 716 0
68 24 0
458 346 0
798 99 0
159 523 0
250 435 0
418 844 0
691 722 0
410 549 0
543 592 0
732 873 0
448 101 0
131 789 0
681 860 0
37 776 0
587 384 0
583 687 0
172 186 0
275 507 0
866 639 0
261 2 0
446 645 0
430 182 0
737 248 0
841 178 0
829 627 0
594 252 0
485 469 0
388 415 0
531 215 0
491 717 0
66 764 0
738 369 0
683 207 0
436 423 0
8 168 0
342 674 0
47 668 0
817 539 0
760 508 0
621 823 0
873 15 0
238 698 0
777 430 0
290 459 0
470 784 0
555 540 0
684 336 0
586 658 0
596 487 0
622 820 0
244 483 0
39 228 0
316 183 0
874 113 0
15 305 0
827 554 0
509 876 0
529 663 0
367 500 0
308 112 0
804 521 0
318 568 0
332 98 0
480 461 0
329 472 0
522 66 0
284 10 0
580 102 0
835 290 0
370 388 0
540 745 0
489 217 0
149 748 0
416 90 0
784 77 0
552 778 0
652 206 0
748 547 0
167 115 0
814 307 0
184 681 0
686 448 0
642 580 0
331 348 0
334 220 0
581 504 0
542 272 0
461 496 0
792 276 0
661 750 0
104 548 0
447 543 0
637 370 0
1 563 0
506 569 0
558 92 0
754 437 0
508 774 0
476 37 0
324 148 0
103 604 0
77 630 0
190 330 0
327 38 0
764 456 0
757 441 0
512 339 0
121 49 0
288 8 0
658 792 0
96 52 0
36 753 0
27 352 0
781 612 0
374 498 0
231 401 0
828 396 0
93 822 0
564 361 0
674 578 0
44 235 0
394 846 0
503 871 0
372 827 0
116 266 0
728 570 0
272 819 0
613 611 0
656 610 0
154 650 0
507 349 0
427 869 0
280 744 0
405 179 0
34 176 0
437 852 0
547 328 0
301 535 0
285 356 0
636 556 0
475 783 0
496 615 0
618 243 0
645 280 0
749 64 0
361 394 0
433 72 0
35 684 0
207 849 0
16 404 0
192 842 0
247 594 0
658 759 0
39 78 0
290 830 0
447 713 0
368 77 0
618 333 0
337 379 0
219 340 0
182 673 0
630 221 0
335 828 0
496 81 0
167 589 0
727 329 0
321 502 0
331 317 0
70 469 0
651 66 0
723 581 0
328 252 0
10 829 0
835 115 0
418 578 0
156 516 0
716 470 0
842 388 0
396 786 0
29 472 0
91 833 0
816 238 0
621 610 0
227 274 0
8 16 0
374 523 0
537 324 0
326 579 0
769 207 0
218 289 0
553 792 0
187 323 0
822 364 0
674 840 0
705 90 0
849 531 0
739 76 0
422 97 0
201 602 0
259 705 0
799 637 0
362 392 0
780 401 0
444 788 0
98 554 0
349 245 0
211 560 0
23 211 0
466 723 0
527 406 0
164 626 0
611 67 0
682 853 0
846 796 0
548 612 0
558 715 0
30 456 0
86 587 0
202 596 0
870 302 0
680 397 0
685 801 0
598 293 0
235 405 0
284 777 0
495 190 0
401 217 0
0 544 0
291 42 0
684 599 0
814 475 0
855 640 0
351 495 0
626 550 0
677 446 0
578 522 0
531 68 0
610 597 0
5 740 0
392 356 0
188 226 0
687 580 0
787 803 0
648 62 0
80 28 0
844 549 0
778 768 0
526 778 0
748 94 0
568 346 0
257 27 0
657 429 0
142 856 0
867 814 0
631 319 0
245 168 0
788 604 0
287 464 0
660 18 0
594 300 0
577 342 0
88 630 0
487 632 0
574 569 0
155 400 0
242 338 0
149 618 0
830 835 0
95 164 0
56 120 0
